1000
0 0
1 1
2 2
3 3
4 4
5 5
6 6
7 7
8 8
9 9
0 20
1 21
2 22
3 23
4 24
5 25
6 26
7 27
8 28
9 29
0 40
1 41
2 42
3 43
4 44
5 45
6 46
7 47
8 48
9 49
0 60
1 61
2 62
3 63
4 64
5 65
6 66
7 67
8 68
9 69
0 80
1 81
2 82
3 83
4 84
5 85
6 86
7 87
8 88
9 89
0 100
1 101
2 102
3 103
4 104
5 105
6 106
7 107
8 108
9 109
0 120
1 121
2 122
3 123
4 124
5 125
6 126
7 127
8 128
9 129
0 140
1 141
2 142
3 143
4 144
5 145
6 146
7 147
8 148
9 149
0 160
1 161
2 162
3 163
4 164
5 165
6 166
7 167
8 168
9 169
0 180
1 181
2 182
3 183
4 184
5 185
6 186
7 187
8 188
9 189
200 0
201 1
202 2
203 3
204 4
205 5
206 6
207 7
208 8
209 9
200 20
201 21
202 22
203 23
204 24
205 25
206 26
207 27
208 28
209 29
200 40
201 41
202 42
203 43
204 44
205 45
206 46
207 47
208 48
209 49
200 60
201 61
202 62
203 63
204 64
205 65
206 66
207 67
208 68
209 69
200 80
201 81
202 82
203 83
204 84
205 85
206 86
207 87
208 88
209 89
200 100
201 101
202 102
203 103
204 104
205 105
206 106
207 107
208 108
209 109
200 120
201 121
202 122
203 123
204 124
205 125
206 126
207 127
208 128
209 129
200 140
201 141
202 142
203 143
204 144
205 145
206 146
207 147
208 148
209 149
200 160
201 161
202 162
203 163
204 164
205 165
206 166
207 167
208 168
209 169
200 180
201 181
202 182
203 183
204 184
205 185
206 186
207 187
208 188
209 189
400 0
401 1
402 2
403 3
404 4
405 5
406 6
407 7
408 8
409 9
400 20
401 21
402 22
403 23
404 24
405 25
406 26
407 27
408 28
409 29
400 40
401 41
402 42
403 43
404 44
405 45
406 46
407 47
408 48
409 49
400 60
401 61
402 62
403 63
404 64
405 65
406 66
407 67
408 68
409 69
400 80
401 81
402 82
403 83
404 84
405 85
406 86
407 87
408 88
409 89
400 100
401 101
402 102
403 103
404 104
405 105
406 106
407 107
408 108
409 109
400 120
401 121
402 122
403 123
404 124
405 125
406 126
407 127
408 128
409 129
400 140
401 141
402 142
403 143
404 144
405 145
406 146
407 147
408 148
409 149
400 160
401 161
402 162
403 163
404 164
405 165
406 166
407 167
408 168
409 169
400 180
401 181
402 182
403 183
404 184
405 185
406 186
407 187
408 188
409 189
600 0
601 1
602 2
603 3
604 4
605 5
606 6
607 7
608 8
609 9
600 20
601 21
602 22
603 23
604 24
605 25
606 26
607 27
608 28
609 29
600 40
601 41
602 42
603 43
604 44
605 45
606 46
607 47
608 48
609 49
600 60
601 61
602 62
603 63
604 64
605 65
606 66
607 67
608 68
609 69
600 80
601 81
602 82
603 83
604 84
605 85
606 86
607 87
608 88
609 89
600 100
601 101
602 102
603 103
604 104
605 105
606 106
607 107
608 108
609 109
600 120
601 121
602 122
603 123
604 124
605 125
606 126
607 127
608 128
609 129
600 140
601 141
602 142
603 143
604 144
605 145
606 146
607 147
608 148
609 149
600 160
601 161
602 162
603 163
604 164
605 165
606 166
607 167
608 168
609 169
600 180
601 181
602 182
603 183
604 184
605 185
606 186
607 187
608 188
609 189
800 0
801 1
802 2
803 3
804 4
805 5
806 6
807 7
808 8
809 9
800 20
801 21
802 22
803 23
804 24
805 25
806 26
807 27
808 28
809 29
800 40
801 41
802 42
803 43
804 44
805 45
806 46
807 47
808 48
809 49
800 60
801 61
802 62
803 63
804 64
805 65
806 66
807 67
808 68
809 69
800 80
801 81
802 82
803 83
804 84
805 85
806 86
807 87
808 88
809 89
800 100
801 101
802 102
803 103
804 104
805 105
806 106
807 107
808 108
809 109
800 120
801 121
802 122
803 123
804 124
805 125
806 126
807 127
808 128
809 129
800 140
801 141
802 142
803 143
804 144
805 145
806 146
807 147
808 148
809 149
800 160
801 161
802 162
803 163
804 164
805 165
806 166
807 167
808 168
809 169
800 180
801 181
802 182
803 183
804 184
805 185
806 186
807 187
808 188
809 189
1000 0
1001 1
1002 2
1003 3
1004 4
1005 5
1006 6
1007 7
1008 8
1009 9
1000 20
1001 21
1002 22
1003 23
1004 24
1005 25
1006 26
1007 27
1008 28
1009 29
1000 40
1001 41
1002 42
1003 43
1004 44
1005 45
1006 46
1007 47
1008 48
1009 49
1000 60
1001 61
1002 62
1003 63
1004 64
1005 65
1006 66
1007 67
1008 68
1009 69
1000 80
1001 81
1002 82
1003 83
1004 84
1005 85
1006 86
1007 87
1008 88
1009 89
1000 100
1001 101
1002 102
1003 103
1004 104
1005 105
1006 106
1007 107
1008 108
1009 109
1000 120
1001 121
1002 122
1003 123
1004 124
1005 125
1006 126
1007 127
1008 128
1009 129
1000 140
1001 141
1002 142
1003 143
1004 144
1005 145
1006 146
1007 147
1008 148
1009 149
1000 160
1001 161
1002 162
1003 163
1004 164
1005 165
1006 166
1007 167
1008 168
1009 169
1000 180
1001 181
1002 182
1003 183
1004 184
1005 185
1006 186
1007 187
1008 188
1009 189
1200 0
1201 1
1202 2
1203 3
1204 4
1205 5
1206 6
1207 7
1208 8
1209 9
1200 20
1201 21
1202 22
1203 23
1204 24
1205 25
1206 26
1207 27
1208 28
1209 29
1200 40
1201 41
1202 42
1203 43
1204 44
1205 45
1206 46
1207 47
1208 48
1209 49
1200 60
1201 61
1202 62
1203 63
1204 64
1205 65
1206 66
1207 67
1208 68
1209 69
1200 80
1201 81
1202 82
1203 83
1204 84
1205 85
1206 86
1207 87
1208 88
1209 89
1200 100
1201 101
1202 102
1203 103
1204 104
1205 105
1206 106
1207 107
1208 108
1209 109
1200 120
1201 121
1202 122
1203 123
1204 124
1205 125
1206 126
1207 127
1208 128
1209 129
1200 140
1201 141
1202 142
1203 143
1204 144
1205 145
1206 146
1207 147
1208 148
1209 149
1200 160
1201 161
1202 162
1203 163
1204 164
1205 165
1206 166
1207 167
1208 168
1209 169
1200 180
1201 181
1202 182
1203 183
1204 184
1205 185
1206 186
1207 187
1208 188
1209 189
1400 0
1401 1
1402 2
1403 3
1404 4
1405 5
1406 6
1407 7
1408 8
1409 9
1400 20
1401 21
1402 22
1403 23
1404 24
1405 25
1406 26
1407 27
1408 28
1409 29
1400 40
1401 41
1402 42
1403 43
1404 44
1405 45
1406 46
1407 47
1408 48
1409 49
1400 60
1401 61
1402 62
1403 63
1404 64
1405 65
1406 66
1407 67
1408 68
1409 69
1400 80
1401 81
1402 82
1403 83
1404 84
1405 85
1406 86
1407 87
1408 88
1409 89
1400 100
1401 101
1402 102
1403 103
1404 104
1405 105
1406 106
1407 107
1408 108
1409 109
1400 120
1401 121
1402 122
1403 123
1404 124
1405 125
1406 126
1407 127
1408 128
1409 129
1400 140
1401 141
1402 142
1403 143
1404 144
1405 145
1406 146
1407 147
1408 148
1409 149
1400 160
1401 161
1402 162
1403 163
1404 164
1405 165
1406 166
1407 167
1408 168
1409 169
1400 180
1401 181
1402 182
1403 183
1404 184
1405 185
1406 186
1407 187
1408 188
1409 189
1600 0
1601 1
1602 2
1603 3
1604 4
1605 5
1606 6
1607 7
1608 8
1609 9
1600 20
1601 21
1602 22
1603 23
1604 24
1605 25
1606 26
1607 27
1608 28
1609 29
1600 40
1601 41
1602 42
1603 43
1604 44
1605 45
1606 46
1607 47
1608 48
1609 49
1600 60
1601 61
1602 62
1603 63
1604 64
1605 65
1606 66
1607 67
1608 68
1609 69
1600 80
1601 81
1602 82
1603 83
1604 84
1605 85
1606 86
1607 87
1608 88
1609 89
1600 100
1601 101
1602 102
1603 103
1604 104
1605 105
1606 106
1607 107
1608 108
1609 109
1600 120
1601 121
1602 122
1603 123
1604 124
1605 125
1606 126
1607 127
1608 128
1609 129
1600 140
1601 141
1602 142
1603 143
1604 144
1605 145
1606 146
1607 147
1608 148
1609 149
1600 160
1601 161
1602 162
1603 163
1604 164
1605 165
1606 166
1607 167
1608 168
1609 169
1600 180
1601 181
1602 182
1603 183
1604 184
1605 185
1606 186
1607 187
1608 188
1609 189
1800 0
1801 1
1802 2
1803 3
1804 4
1805 5
1806 6
1807 7
1808 8
1809 9
1800 20
1801 21
1802 22
1803 23
1804 24
1805 25
1806 26
1807 27
1808 28
1809 29
1800 40
1801 41
1802 42
1803 43
1804 44
1805 45
1806 46
1807 47
1808 48
1809 49
1800 60
1801 61
1802 62
1803 63
1804 64
1805 65
1806 66
1807 67
1808 68
1809 69
1800 80
1801 81
1802 82
1803 83
1804 84
1805 85
1806 86
1807 87
1808 88
1809 89
1800 100
1801 101
1802 102
1803 103
1804 104
1805 105
1806 106
1807 107
1808 108
1809 109
1800 120
1801 121
1802 122
1803 123
1804 124
1805 125
1806 126
1807 127
1808 128
1809 129
1800 140
1801 141
1802 142
1803 143
1804 144
1805 145
1806 146
1807 147
1808 148
1809 149
1800 160
1801 161
1802 162
1803 163
1804 164
1805 165
1806 166
1807 167
1808 168
1809 169
1800 180
1801 181
1802 182
1803 183
1804 184
1805 185
1806 186
1807 187
1808 188
1809 189
