110 559
1 58 815238501
1 100 285864773
2 55
0 39 189
2 67
2 88
0 73 88
1 97 77178334
2 32
0 4 255
2 6
0 64 284
1 73 326963413
2 90
2 25
1 21 26504636
1 22 419188182
1 103 856832448
0 97 254
0 94 139
0 40 312
2 47
0 27 79
2 62
0 85 162
2 6
1 7 344333098
0 109 3
1 47 380247387
1 97 580081734
0 97 277
0 22 0
0 43 275
0 38 303
0 66 51
0 32 359
0 51 104
2 46
1 81 303938745
2 1
1 76 672544955
2 108
0 3 296
2 30
1 88 593031859
2 57
0 17 327
2 108
2 94
2 1
0 101 90
1 107 884880941
1 43 575338133
1 38 571860322
0 50 216
2 73
1 63 405987205
0 58 276
1 31 272275542
2 37
2 104
2 83
1 47 401903172
2 69
2 107
1 72 74988070
2 83
0 34 97
1 24 66091854
0 80 24
1 91 156774837
2 74
2 92
0 100 203
2 108
1 1 592594006
1 51 899175603
1 21 976496049
1 96 43588403
2 26
2 77
1 67 849061334
2 19
0 47 66
2 83
1 24 400567768
0 35 92
0 65 125
1 45 829441323
0 87 328
1 12 926391450
0 85 44
1 53 974422066
1 31 120854989
2 60
2 38
1 93 694229828
1 2 597720989
2 16
1 89 134246187
2 84
1 7 12045260
0 8 52
1 63 755064663
0 34 69
2 84
2 53
0 33 309
2 78
0 66 152
2 71
2 8
0 79 312
0 90 128
2 69
0 108 295
2 9
1 5 139063906
1 18 349141017
1 50 701686157
2 34
1 85 861271780
1 43 65559768
2 95
2 103
0 105 317
0 22 239
0 66 341
2 78
2 16
0 23 265
0 8 194
0 85 27
2 6
0 7 259
2 82
0 4 336
0 33 274
1 41 598308709
0 61 316
1 84 651241133
2 97
0 106 113
0 70 90
1 58 190437822
2 104
0 106 329
2 22
2 14
2 74
0 64 196
2 60
2 51
0 35 92
1 52 344200800
1 48 362395683
0 81 155
1 11 560727893
1 63 106964636
2 5
2 7
1 43 524621765
1 75 441808299
0 103 1
2 7
2 38
2 106
2 85
0 24 321
0 82 236
2 105
2 107
1 90 167361939
0 76 183
2 86
1 65 972225654
0 28 293
2 102
0 24 92
1 26 363732579
0 77 142
1 34 63158161
1 81 906992294
0 56 353
1 12 558614503
1 99 113084246
0 44 140
0 39 319
0 46 274
2 74
0 76 135
0 41 187
0 59 174
2 44
1 48 806038746
2 63
2 77
0 80 12
1 32 126956861
0 38 288
1 95 60995400
2 87
1 32 742948292
2 60
0 75 263
0 69 87
2 35
1 78 458644243
0 48 259
2 38
0 66 98
0 11 125
0 64 62
0 51 338
0 16 10
0 84 108
1 37 363349982
1 35 924879176
2 7
1 21 594828139
0 59 352
2 75
2 51
0 75 78
2 80
1 103 707934154
0 1 180
2 77
2 104
1 15 18258883
1 90 156086675
2 66
1 102 779592415
1 15 461052651
2 28
0 108 191
1 80 286140630
2 38
2 36
2 25
2 65
2 42
2 45
1 96 529095420
1 67 618417519
0 45 58
2 91
0 77 12
1 63 73270553
2 23
2 72
0 23 51
1 97 361578535
0 93 169
0 86 9
2 106
2 25
0 47 201
0 8 128
1 88 514731341
0 92 286
1 7 158674692
0 23 118
1 95 478079660
0 82 26
0 74 79
1 82 555768678
0 22 15
1 51 161680981
2 19
0 35 119
1 54 441995407
2 68
2 3
2 56
2 90
1 7 887228557
2 18
1 51 891256591
2 13
2 46
0 100 43
1 87 380884779
0 73 197
0 108 98
0 7 232
0 36 215
1 105 893937174
0 55 310
1 46 709658348
1 95 339306855
0 108 336
1 60 167767553
2 20
1 106 673317175
0 10 346
1 93 548707904
2 39
0 25 303
2 7
0 71 10
0 69 180
0 106 74
1 42 679221602
2 67
2 22
2 80
1 93 273970264
0 60 203
0 41 96
2 38
1 61 131834413
2 81
0 72 204
2 92
2 101
1 108 809695210
0 16 296
2 33
2 47
1 72 550305245
0 84 57
1 24 682270160
0 108 316
2 73
1 49 558504069
1 86 547378046
0 46 305
1 97 435834957
1 12 113469753
0 60 99
1 72 975643585
0 56 228
1 27 418785764
2 88
0 15 78
0 106 90
2 48
0 11 280
2 103
2 26
1 15 421468144
2 49
0 109 33
2 21
0 62 77
2 88
0 33 168
0 31 235
1 32 592197444
2 105
1 25 650583284
0 76 123
0 74 327
2 21
2 90
0 26 251
0 60 54
1 57 58908640
0 17 199
0 31 300
2 2
2 108
2 90
1 1 225425333
0 110 322
1 82 143140600
2 62
0 110 54
2 38
2 96
1 76 639783256
1 67 766832921
0 10 176
2 42
2 93
2 78
0 4 225
1 93 466800133
2 13
2 71
0 100 267
0 97 107
2 25
1 3 854652064
1 48 540161495
1 69 493573185
2 21
0 12 307
1 78 113417054
1 85 972275190
1 11 113045188
0 49 60
1 89 967387984
0 52 12
1 69 380611024
2 70
2 97
2 72
0 109 110
0 37 77
0 29 25
1 76 150377571
2 64
1 45 608791675
2 12
0 91 177
1 87 213154739
0 20 292
2 103
0 5 272
0 25 59
1 20 15833984
2 28
2 74
0 39 103
1 47 145559501
0 65 354
2 86
2 84
0 31 35
2 94
2 39
1 90 443759192
1 87 260073919
2 102
0 93 22
1 77 762335681
0 19 102
2 46
0 110 350
1 25 979614171
0 96 10
1 16 225460922
0 48 222
0 99 179
2 96
1 92 923358969
0 4 198
1 69 530665476
0 93 293
2 80
2 109
2 41
2 72
0 13 341
2 15
2 68
2 40
2 59
1 11 195963940
1 5 780905181
1 54 914527130
1 70 567092636
0 64 280
1 8 497445897
1 59 371648688
2 7
2 48
0 5 37
1 11 461572737
2 99
1 102 810857838
0 60 338
2 53
2 50
0 110 116
0 102 21
0 88 303
2 104
1 98 593733440
0 37 321
2 98
2 108
0 26 287
2 32
0 20 210
1 80 393595328
1 30 819420562
0 66 200
2 25
2 22
1 66 441849343
0 68 259
0 39 335
1 6 611999153
2 103
0 31 117
1 29 264023950
1 54 217393808
0 11 286
2 14
0 40 328
0 98 165
0 23 288
0 10 3
2 59
2 2
0 18 261
0 13 200
1 68 357515253
1 5 436929598
1 34 51349278
0 32 329
0 90 326
1 42 696060358
0 93 31
1 65 811707459
1 14 354200138
1 8 47890955
2 88
2 61
0 19 140
0 99 344
2 84
2 71
2 71
0 5 67
0 8 4
1 76 291099328
0 78 39
1 79 736887938
2 73
1 66 734641854
2 98
2 75
0 53 267
2 63
0 29 53
2 87
2 2
0 110 309
0 79 183
0 15 200
1 73 260222354
2 79
0 14 181
2 48
0 61 74
1 28 766796207
0 9 114
0 77 167
1 19 532955647
0 26 266
1 79 830476219
2 26
0 52 251
1 58 232848624
1 13 635826835
0 44 247
1 34 682013139
2 7
2 25
1 71 609852279
2 7
0 68 266
0 10 161
0 45 295
2 67