55.0000000000 0.0000000000
-805201551.8972310809 -127531403.1642996359
-805201572.6386862334 -127531406.4494234018
32.0000000000 0.0000000000
2.2235428647 -2.8977774789
51038648.1859639749 1135944820.6251012321
-2.6940189923 -21.2503681784
-115353788.5281757223 -430506229.6765016611
-459888469.6641025975 308350792.9368795425
2.2235428647 -2.8977774789
-204473740.5103190425 -763106459.3268638930
1.0000000000 0.0000000000
1065182760.1905033141 614375618.7076383778
-775510931.9679133315 -150744060.0683682433
-788781365.0143327483 -530759823.4130567649
-80525165.6419554816 -1568015695.8902635648
218632260.0669612499 128590385.1680188121
1.0000000000 0.0000000000
-2726559956.8186342590 -1202349620.3781096709
-899537824.8489350983 -127091876.2106999050
-2931293413.6895571626 1320787453.1995188217
-3753367246.0880439375 376478375.4864369330
-2469481792.9947590269 222491667.4315317393
-3412630119.9247841167 2053469671.6823401490
-3760557590.8084070794 433544396.7658072260
-1185645883.4688222887 -2034016979.9535031421
-1136836740.1725048427 -2237703805.5546091390
-1247029147.8218673400 -256822459.6569073269
-1100747924.9928380419 481889106.4681704193
-1125293941.4946828395 -3184287558.6954802829
254587263.7197449072 -65701854.5689554356
1512044639.7394043099 -2835397241.0850229873
-651518010.0423424072 3937948626.0539221754
-1819766950.1138973323 408652216.7995412070
-57062774.3505738209 -242465677.4018865243
-1114062095.6156027756 4439712807.9316877564
-1511992091.5019092510 2363940796.7035593649
-1347633069.3200680026 1754647080.1828954193
2332893307.9441014968 1449278378.1645424089
2281406066.7135433978 317365897.3344740630
1178491037.3918042871 -2298346.3218768324
2281406068.7135433978 317365897.3344740630
1178491036.9378137874 -2298347.2128833565
-1197209113.2842184693 -2041220976.9016020560
2589500519.2227422921 -3101615046.9147150447
3547724330.3859915456 -2603394754.5941758412
-937780319.6188222465 -6090001341.5765365926
621409207.4895435532 -854253822.4674337220
1053806083.1091060740 -26534645.4774102483
-3770932606.3751266273 -4738663697.3418551749
1800061730.5267057966 -6846779834.6362160351
4064495249.9085952037 -2174935768.8904247442
2917291208.4196456471 -894601346.2746395743
2106137549.8003096227 -56354565.6962871779
1759059363.6952014132 -3985478900.3914461639
2969944805.6494431049 -3941129001.6586301252
2738535636.9773667874 -2955731232.8698835443
1195168255.8021544889 -138979193.9240306642
1183271292.9756169980 -137094901.1190509927
1183271292.9756169980 -137094901.1190509927
2698585989.7177070631 -820022139.8545298096
3064294590.0343756475 -3248988547.7464256044
4548292856.2334837597 -3741985377.1589644169
2806377082.6224112376 -6090723980.1231421083
3152127611.6687180826 -6905261181.9617114747
1116383007.9150676482 -2063226436.5118922222
1737514836.7832829189 2344998353.2895224444
408636754.6933294915 -301196308.0342199479
2334894418.5265816958 -2563387208.3853750892
5683604896.1135554467 -3699063767.8472914391
6585101777.4455007422 -4848187569.4057019432
5749527366.1123382580 -4494980188.4378203447
4272889855.9554311584 -4954986086.7143118773
1706151977.0040621501 -1805497907.0186009100
1281176938.6273980635 -2188147152.8581227295
1183271292.9756169980 -137094901.1190509927
1722493779.2971555225 1084346042.4910223589
2514236535.4894117035 2909412440.9298395980
2186894917.3910601153 1045790738.5575947731
-2226868398.5013598101 -1502689703.1010210550
-3619016061.4006043226 -3366662919.3628668312
-1378384314.1623243184 -1300070157.9564706623
-1029063627.4851948300 -1651409545.8214389668
-2979211115.5372729264 -2711275906.4418357755
-2277921520.2171496300 -2401988332.0677947442
-681224430.8231282125 -1757754659.2110751751
-1093761965.4493138975 -1639269863.2934291450
-2927065076.2092718750 -3307307869.4718984719
-2725399400.2476228497 -3813128144.9285577927
-4684837170.0321156210 -3482901062.2899121991
-298159568.2429258288 -1874869340.6905891965
-3958564931.4356115297 -936858696.7930272138
473453414.3517790495 -8004831509.3913262496
-46074104.3380889847 -2186168966.2061019726
-1994746776.2291482266 -1535349772.7202000730
-6156920596.6090400158 -2024627872.0838633560
-1190314995.4383711468 0.8987941921
-6093422734.3535596947 -1191832004.5862528260
-6375031464.5159226591 -768871778.8750811685
-1275162617.5184147388 -1649320706.1884091485
-809550366.3220600404 -1005872209.3292689794
-3619678220.0833590133 -1064619720.7070513709
-2078314921.7239639823 -1418091004.4204094547
-2419187464.3968442231 126975990.2659158423
-477385275.3292926190 -382520666.2939107486
1841211669.5057784130 -3136195737.7206043473
-3281020439.0755209189 -1108524089.7997498554
2049012684.2785134894 -2006272342.0725798407
-1884025219.8356177472 -791889561.1404482499
-4320175641.6962288981 -3668723777.5968930260
-2595786390.9331904957 -3729609939.4175573846
-2609989607.1226891254 -4985436590.0732962377
-1806919142.6000431367 -1124166278.3911251408
-3093324512.4068296459 -1181628631.3595673293
-4367421861.9021702372 294303099.7016431321
-1717236365.4854340407 -2393727278.5548444791
-73460416.6156951502 -1005530202.2257664179
-1898945118.9234482285 -437605963.7954664740
677766742.0586827550 -420199105.5252946510
-1082876493.8095995116 52213298.7346432933
1179635173.1867953637 -335389374.7624374321
1764791924.2708141826 548052609.3999121448
-666748884.4018240318 3462632177.4377489849
1179635173.1867953637 -335389374.7624374321
-1099228697.7255710403 -3205196631.0280261154
-1190314995.0000000000 0.0000001458
528913127.2899619676 6513185451.8699411191
3005229304.6313420355 3386529266.4451156240
3172292418.7370167912 623576087.8809321548
156447331.5950623836 -972528093.2365697518
3085075327.7126300652 3789709136.4516058483
-1696991340.2351158392 -221296193.4917465898
-2598165167.5081276232 -4351667496.9297048030
-2637268424.3689977201 -1822165234.8780836700
-1284089819.5261901676 128423920.6224175948
-2383713396.6438797808 3820871394.6163293542
-1811667201.0493644205 8716029.9541130673
-1717868018.1205463220 187659389.9129149620
-2901247873.1767875047 3993068211.3994293888
-6291182542.2354574846 2547558726.6204328265
-2164920313.1170197634 3352988429.2898146929
-5501377118.3953898996 -2059665298.0985582396
-1681316684.3558758555 395962255.0997544579
-9537643350.2756819613 2285052509.4650333691
-84564915.8504195358 1515026026.1839118422
-4935488028.2444514935 2310209804.2173510066
-185762038.7028904706 -4048439420.7749379457
-532804713.8637317032 -2573379165.2332601827
7534325459.6466538897 1906019406.6171865324
530409492.2074934306 165255883.3453234443
6438804737.5687224190 939351523.7158675417
-836057316.5642703909 5338146407.3315484826
-709054021.5925971521 10876272621.1179420045
5577855.6639170335 7420406529.2925997642
3560838590.1855971194 4075223480.2588935408
1223542320.5989530507 3709142090.1001235009
654753153.9811274738 6952691236.1489302046
-973355623.9515994977 1140321962.9935118684
3678366764.4256358503 5700595297.3465357209
1329840917.4446780067 2450596569.8071112856
3034847957.1393655895 6368586945.5344630303
-1863741797.4557939031 1085014118.0306177086
1124568520.7624718292 2988884544.2268474842
-4715193901.0316290185 -955033675.0234997872
-6706740689.9621678363 1397710344.9771276747
-4511204692.6441076226 1288964536.4801348184
-9633172207.4826278267 -2382355.4988970641
-4462409624.9194517406 8241579166.0918087456
-437801033.3300238354 8709140876.4070024565
-3205980971.9198368602 375824199.9107269154
-1294444405.8766378891 2082674480.5238824573
-1539892146.0912532159 649721180.9973027295
-1790091726.9666739437 -1531694360.5934636685
83163891.8108110351 401228957.7549253408
4810933076.0939423325 2413909146.3937566336
-823146322.0000000000 0.0000001008
-6238273484.9845541371 2893016011.9043647915
-5067350247.5419630334 3247771933.9404589899
-5471623762.3727443526 635685438.5537954753
-5982964967.1893672342 760964081.7279548206
-5982964967.1893672342 760964081.7279548206
444859125.9335064639 4762295179.9615143975
-2928717595.3289480815 4895951884.1647745222
-63141061.8609793291 4779879921.0368689816
621348095.6684190845 3403755777.3629025395
-2601862567.3655365061 5550159191.6143119768
-823146322.0000000000 0.0000001008
-3840579223.3915479400 -2819847751.1971149598
633888864.1973972101 3383322547.6119335850
-2797622401.7426089477 -44672769.5023648576
-477942301.6717003981 295597743.0908164506
-2511675915.7693068518 328635365.1650054194
-477942301.6717003981 295597743.0908164506
3824232210.4332107021 -1929208459.2614045100
