100 990000000
10000000 7584766
10000000 7535949
10000000 7434002
10000000 6224567
10000000 6343925
10000000 6491532
10000000 6704808
10000000 7747279
10000000 7689345
10000000 6003017
10000000 6725907
10000000 7702215
10000000 7686168
10000000 7558917
10000000 6776247
10000000 6545406
10000000 7449047
10000000 7992266
10000000 7751548
10000000 6833032
10000000 7444187
10000000 6819556
10000000 7259985
10000000 6300722
10000000 7233159
10000000 6684330
10000000 6605340
10000000 6874447
10000000 6562109
10000000 7653862
10000000 7409485
10000000 7519891
10000000 7360602
10000000 7819608
10000000 6527920
10000000 6570132
10000000 7651746
10000000 6338431
10000000 7155606
10000000 6025264
10000000 7589982
10000000 6869928
10000000 7630769
10000000 7515380
10000000 6911677
10000000 6674583
10000000 6825273
10000000 6416446
10000000 6623463
10000000 6204563
10000000 6486536
10000000 7600404
10000000 6158906
10000000 7871860
10000000 6719067
10000000 7784027
10000000 7238436
10000000 6605371
10000000 6188240
10000000 7104146
10000000 7365699
10000000 7982853
10000000 6494590
10000000 7174280
10000000 7016579
10000000 7855557
10000000 7668950
10000000 6023444
10000000 7921868
10000000 6042331
10000000 7104691
10000000 6105386
10000000 6067079
10000000 6601243
10000000 6576047
10000000 7848387
10000000 7745981
10000000 6640679
10000000 6669411
10000000 7952639
10000000 7873630
10000000 6199071
10000000 7017695
10000000 6592489
10000000 7848562
10000000 6660501
10000000 7007295
10000000 6296877
10000000 6359013
10000000 7851641
10000000 7555938
10000000 6068489
10000000 7113355
10000000 6953012
10000000 7787784
10000000 6537197
10000000 7825797
10000000 7431682
10000000 7444819
10000003 10000000
