7987
501 1
501 2
501 3
501 4
501 5
501 6
501 7
501 8
501 9
501 10
501 11
501 12
501 13
501 14
501 15
501 16
501 17
501 18
501 19
501 20
501 21
501 22
501 23
501 24
501 25
501 26
501 27
501 28
501 29
501 30
501 31
501 32
501 33
501 34
501 35
501 36
501 37
501 38
501 39
501 40
501 41
501 42
501 43
501 44
501 45
501 46
501 47
501 48
501 49
501 50
501 51
501 52
501 53
501 54
501 55
501 56
501 57
501 58
501 59
501 60
501 61
501 62
501 63
501 64
501 65
501 66
501 67
501 68
501 69
501 70
501 71
501 72
501 73
501 74
501 75
501 76
501 77
501 78
501 79
501 80
501 81
501 82
501 83
501 84
501 85
501 86
501 87
501 88
501 89
501 90
501 91
501 92
501 93
501 94
501 95
501 96
501 97
501 98
501 99
501 100
501 101
501 102
501 103
501 104
501 105
501 106
501 107
501 108
501 109
501 110
501 111
501 112
501 113
501 114
501 115
501 116
501 117
501 118
501 119
501 120
501 121
501 122
501 123
501 124
501 125
501 126
501 127
501 128
501 129
501 130
501 131
501 132
501 133
501 134
501 135
501 136
501 137
501 138
501 139
501 140
501 141
501 142
501 143
501 144
501 145
501 146
501 147
501 148
501 149
501 150
501 151
501 152
501 153
501 154
501 155
501 156
501 157
501 158
501 159
501 160
501 161
501 162
501 163
501 164
501 165
501 166
501 167
501 168
501 169
501 170
501 171
501 172
501 173
501 174
501 175
501 176
501 177
501 178
501 179
501 180
501 181
501 182
501 183
501 184
501 185
501 186
501 187
501 188
501 189
501 190
501 191
501 192
501 193
501 194
501 195
501 196
501 197
501 198
501 199
501 200
501 201
501 202
501 203
501 204
501 205
501 206
501 207
501 208
501 209
501 210
501 211
501 212
501 213
501 214
501 215
501 216
501 217
501 218
501 219
501 220
501 221
501 222
501 223
501 224
501 225
501 226
501 227
501 228
501 229
501 230
501 231
501 232
501 233
501 234
501 235
501 236
501 237
501 238
501 239
501 240
501 241
501 242
501 243
501 244
501 245
501 246
501 247
501 248
501 249
501 250
501 251
501 252
501 253
501 254
501 255
501 256
501 257
501 258
501 259
501 260
501 261
501 262
501 263
501 264
501 265
501 266
501 267
501 268
501 269
501 270
501 271
501 272
501 273
501 274
501 275
501 276
501 277
501 278
501 279
501 280
501 281
501 282
501 283
501 284
501 285
501 286
501 287
501 288
501 289
501 290
501 291
501 292
501 293
501 294
501 295
501 296
501 297
501 298
501 299
501 300
501 301
501 302
501 303
501 304
501 305
501 306
501 307
501 308
501 309
501 310
501 311
501 312
501 313
501 314
501 315
501 316
501 317
501 318
501 319
501 320
501 321
501 322
501 323
501 324
501 325
501 326
501 327
501 328
501 329
501 330
501 331
501 332
501 333
501 334
501 335
501 336
501 337
501 338
501 339
501 340
501 341
501 342
501 343
501 344
501 345
501 346
501 347
501 348
501 349
501 350
501 351
501 352
501 353
501 354
501 355
501 356
501 357
501 358
501 359
501 360
501 361
501 362
501 363
501 364
501 365
501 366
501 367
501 368
501 369
501 370
501 371
501 372
501 373
501 374
501 375
501 376
501 377
501 378
501 379
501 380
501 381
501 382
501 383
501 384
501 385
501 386
501 387
501 388
501 389
501 390
501 391
501 392
501 393
501 394
501 395
501 396
501 397
501 398
501 399
501 400
501 401
501 402
501 403
501 404
501 405
501 406
501 407
501 408
501 409
501 410
501 411
501 412
501 413
501 414
501 415
501 416
501 417
501 418
501 419
501 420
501 421
501 422
501 423
501 424
501 425
501 426
501 427
501 428
501 429
501 430
501 431
501 432
501 433
501 434
501 435
501 436
501 437
501 438
501 439
501 440
501 441
501 442
501 443
501 444
501 445
501 446
501 447
501 448
501 449
501 450
501 451
501 452
501 453
501 454
501 455
501 456
501 457
501 458
501 459
501 460
501 461
501 462
501 463
501 464
501 465
501 466
501 467
501 468
501 469
501 470
501 471
501 472
501 473
501 474
501 475
501 476
501 477
501 478
501 479
501 480
501 481
501 482
501 483
501 484
501 485
501 486
501 487
501 488
501 489
501 490
501 491
501 492
501 493
501 494
501 495
501 496
501 497
501 498
501 499
501 500
501 502
501 503
501 504
501 505
501 506
501 507
501 508
501 509
501 510
501 511
501 512
501 513
501 514
501 515
501 516
501 517
501 518
501 519
501 520
501 521
501 522
501 523
501 524
501 525
501 526
501 527
501 528
501 529
501 530
501 531
501 532
501 533
501 534
501 535
501 536
501 537
501 538
501 539
501 540
501 541
501 542
501 543
501 544
501 545
501 546
501 547
501 548
501 549
501 550
501 551
501 552
501 553
501 554
501 555
501 556
501 557
501 558
501 559
501 560
501 561
501 562
501 563
501 564
501 565
501 566
501 567
501 568
501 569
501 570
501 571
501 572
501 573
501 574
501 575
501 576
501 577
501 578
501 579
501 580
501 581
501 582
501 583
501 584
501 585
501 586
501 587
501 588
501 589
501 590
501 591
501 592
501 593
501 594
501 595
501 596
501 597
501 598
501 599
501 600
501 601
501 602
501 603
501 604
501 605
501 606
501 607
501 608
501 609
501 610
501 611
501 612
501 613
501 614
501 615
501 616
501 617
501 618
501 619
501 620
501 621
501 622
501 623
501 624
501 625
501 626
501 627
501 628
501 629
501 630
501 631
501 632
501 633
501 634
501 635
501 636
501 637
501 638
501 639
501 640
501 641
501 642
501 643
501 644
501 645
501 646
501 647
501 648
501 649
501 650
501 651
501 652
501 653
501 654
501 655
501 656
501 657
501 658
501 659
501 660
501 661
501 662
501 663
501 664
501 665
501 666
501 667
501 668
501 669
501 670
501 671
501 672
501 673
501 674
501 675
501 676
501 677
501 678
501 679
501 680
501 681
501 682
501 683
501 684
501 685
501 686
501 687
501 688
501 689
501 690
501 691
501 692
501 693
501 694
501 695
501 696
501 697
501 698
501 699
501 700
501 701
501 702
501 703
501 704
501 705
501 706
501 707
501 708
501 709
501 710
501 711
501 712
501 713
501 714
501 715
501 716
501 717
501 718
501 719
501 720
501 721
501 722
501 723
501 724
501 725
501 726
501 727
501 728
501 729
501 730
501 731
501 732
501 733
501 734
501 735
501 736
501 737
501 738
501 739
501 740
501 741
501 742
501 743
501 744
501 745
501 746
501 747
501 748
501 749
501 750
501 751
501 752
501 753
501 754
501 755
501 756
501 757
501 758
501 759
501 760
501 761
501 762
501 763
501 764
501 765
501 766
501 767
501 768
501 769
501 770
501 771
501 772
501 773
501 774
501 775
501 776
501 777
501 778
501 779
501 780
501 781
501 782
501 783
501 784
501 785
501 786
501 787
501 788
501 789
501 790
501 791
501 792
501 793
501 794
501 795
501 796
501 797
501 798
501 799
501 800
501 801
501 802
501 803
501 804
501 805
501 806
501 807
501 808
501 809
501 810
501 811
501 812
501 813
501 814
501 815
501 816
501 817
501 818
501 819
501 820
501 821
501 822
501 823
501 824
501 825
501 826
501 827
501 828
501 829
501 830
501 831
501 832
501 833
501 834
501 835
501 836
501 837
501 838
501 839
501 840
501 841
501 842
501 843
501 844
501 845
501 846
501 847
501 848
501 849
501 850
501 851
501 852
501 853
501 854
501 855
501 856
501 857
501 858
501 859
501 860
501 861
501 862
501 863
501 864
501 865
501 866
501 867
501 868
501 869
501 870
501 871
501 872
501 873
501 874
501 875
501 876
501 877
501 878
501 879
501 880
501 881
501 882
501 883
501 884
501 885
501 886
501 887
501 888
501 889
501 890
501 891
501 892
501 893
501 894
501 895
501 896
501 897
501 898
501 899
501 900
501 901
501 902
501 903
501 904
501 905
501 906
501 907
501 908
501 909
501 910
501 911
501 912
501 913
501 914
501 915
501 916
501 917
501 918
501 919
501 920
501 921
501 922
501 923
501 924
501 925
501 926
501 927
501 928
501 929
501 930
501 931
501 932
501 933
501 934
501 935
501 936
501 937
501 938
501 939
501 940
501 941
501 942
501 943
501 944
501 945
501 946
501 947
501 948
501 949
501 950
501 951
501 952
501 953
501 954
501 955
501 956
501 957
501 958
501 959
501 960
501 961
501 962
501 963
501 964
501 965
501 966
501 967
501 968
501 969
501 970
501 971
501 972
501 973
501 974
501 975
501 976
501 977
501 978
501 979
501 980
501 981
501 982
501 983
501 984
501 985
501 986
501 987
501 988
501 989
501 990
501 991
501 992
501 993
501 994
501 995
501 996
501 997
501 998
501 999
501 1000
251 1
251 2
251 3
251 4
251 5
251 6
251 7
251 8
251 9
251 10
251 11
251 12
251 13
251 14
251 15
251 16
251 17
251 18
251 19
251 20
251 21
251 22
251 23
251 24
251 25
251 26
251 27
251 28
251 29
251 30
251 31
251 32
251 33
251 34
251 35
251 36
251 37
251 38
251 39
251 40
251 41
251 42
251 43
251 44
251 45
251 46
251 47
251 48
251 49
251 50
251 51
251 52
251 53
251 54
251 55
251 56
251 57
251 58
251 59
251 60
251 61
251 62
251 63
251 64
251 65
251 66
251 67
251 68
251 69
251 70
251 71
251 72
251 73
251 74
251 75
251 76
251 77
251 78
251 79
251 80
251 81
251 82
251 83
251 84
251 85
251 86
251 87
251 88
251 89
251 90
251 91
251 92
251 93
251 94
251 95
251 96
251 97
251 98
251 99
251 100
251 101
251 102
251 103
251 104
251 105
251 106
251 107
251 108
251 109
251 110
251 111
251 112
251 113
251 114
251 115
251 116
251 117
251 118
251 119
251 120
251 121
251 122
251 123
251 124
251 125
251 126
251 127
251 128
251 129
251 130
251 131
251 132
251 133
251 134
251 135
251 136
251 137
251 138
251 139
251 140
251 141
251 142
251 143
251 144
251 145
251 146
251 147
251 148
251 149
251 150
251 151
251 152
251 153
251 154
251 155
251 156
251 157
251 158
251 159
251 160
251 161
251 162
251 163
251 164
251 165
251 166
251 167
251 168
251 169
251 170
251 171
251 172
251 173
251 174
251 175
251 176
251 177
251 178
251 179
251 180
251 181
251 182
251 183
251 184
251 185
251 186
251 187
251 188
251 189
251 190
251 191
251 192
251 193
251 194
251 195
251 196
251 197
251 198
251 199
251 200
251 201
251 202
251 203
251 204
251 205
251 206
251 207
251 208
251 209
251 210
251 211
251 212
251 213
251 214
251 215
251 216
251 217
251 218
251 219
251 220
251 221
251 222
251 223
251 224
251 225
251 226
251 227
251 228
251 229
251 230
251 231
251 232
251 233
251 234
251 235
251 236
251 237
251 238
251 239
251 240
251 241
251 242
251 243
251 244
251 245
251 246
251 247
251 248
251 249
251 250
251 252
251 253
251 254
251 255
251 256
251 257
251 258
251 259
251 260
251 261
251 262
251 263
251 264
251 265
251 266
251 267
251 268
251 269
251 270
251 271
251 272
251 273
251 274
251 275
251 276
251 277
251 278
251 279
251 280
251 281
251 282
251 283
251 284
251 285
251 286
251 287
251 288
251 289
251 290
251 291
251 292
251 293
251 294
251 295
251 296
251 297
251 298
251 299
251 300
251 301
251 302
251 303
251 304
251 305
251 306
251 307
251 308
251 309
251 310
251 311
251 312
251 313
251 314
251 315
251 316
251 317
251 318
251 319
251 320
251 321
251 322
251 323
251 324
251 325
251 326
251 327
251 328
251 329
251 330
251 331
251 332
251 333
251 334
251 335
251 336
251 337
251 338
251 339
251 340
251 341
251 342
251 343
251 344
251 345
251 346
251 347
251 348
251 349
251 350
251 351
251 352
251 353
251 354
251 355
251 356
251 357
251 358
251 359
251 360
251 361
251 362
251 363
251 364
251 365
251 366
251 367
251 368
251 369
251 370
251 371
251 372
251 373
251 374
251 375
251 376
251 377
251 378
251 379
251 380
251 381
251 382
251 383
251 384
251 385
251 386
251 387
251 388
251 389
251 390
251 391
251 392
251 393
251 394
251 395
251 396
251 397
251 398
251 399
251 400
251 401
251 402
251 403
251 404
251 405
251 406
251 407
251 408
251 409
251 410
251 411
251 412
251 413
251 414
251 415
251 416
251 417
251 418
251 419
251 420
251 421
251 422
251 423
251 424
251 425
251 426
251 427
251 428
251 429
251 430
251 431
251 432
251 433
251 434
251 435
251 436
251 437
251 438
251 439
251 440
251 441
251 442
251 443
251 444
251 445
251 446
251 447
251 448
251 449
251 450
251 451
251 452
251 453
251 454
251 455
251 456
251 457
251 458
251 459
251 460
251 461
251 462
251 463
251 464
251 465
251 466
251 467
251 468
251 469
251 470
251 471
251 472
251 473
251 474
251 475
251 476
251 477
251 478
251 479
251 480
251 481
251 482
251 483
251 484
251 485
251 486
251 487
251 488
251 489
251 490
251 491
251 492
251 493
251 494
251 495
251 496
251 497
251 498
251 499
251 500
126 1
126 2
126 3
126 4
126 5
126 6
126 7
126 8
126 9
126 10
126 11
126 12
126 13
126 14
126 15
126 16
126 17
126 18
126 19
126 20
126 21
126 22
126 23
126 24
126 25
126 26
126 27
126 28
126 29
126 30
126 31
126 32
126 33
126 34
126 35
126 36
126 37
126 38
126 39
126 40
126 41
126 42
126 43
126 44
126 45
126 46
126 47
126 48
126 49
126 50
126 51
126 52
126 53
126 54
126 55
126 56
126 57
126 58
126 59
126 60
126 61
126 62
126 63
126 64
126 65
126 66
126 67
126 68
126 69
126 70
126 71
126 72
126 73
126 74
126 75
126 76
126 77
126 78
126 79
126 80
126 81
126 82
126 83
126 84
126 85
126 86
126 87
126 88
126 89
126 90
126 91
126 92
126 93
126 94
126 95
126 96
126 97
126 98
126 99
126 100
126 101
126 102
126 103
126 104
126 105
126 106
126 107
126 108
126 109
126 110
126 111
126 112
126 113
126 114
126 115
126 116
126 117
126 118
126 119
126 120
126 121
126 122
126 123
126 124
126 125
126 127
126 128
126 129
126 130
126 131
126 132
126 133
126 134
126 135
126 136
126 137
126 138
126 139
126 140
126 141
126 142
126 143
126 144
126 145
126 146
126 147
126 148
126 149
126 150
126 151
126 152
126 153
126 154
126 155
126 156
126 157
126 158
126 159
126 160
126 161
126 162
126 163
126 164
126 165
126 166
126 167
126 168
126 169
126 170
126 171
126 172
126 173
126 174
126 175
126 176
126 177
126 178
126 179
126 180
126 181
126 182
126 183
126 184
126 185
126 186
126 187
126 188
126 189
126 190
126 191
126 192
126 193
126 194
126 195
126 196
126 197
126 198
126 199
126 200
126 201
126 202
126 203
126 204
126 205
126 206
126 207
126 208
126 209
126 210
126 211
126 212
126 213
126 214
126 215
126 216
126 217
126 218
126 219
126 220
126 221
126 222
126 223
126 224
126 225
126 226
126 227
126 228
126 229
126 230
126 231
126 232
126 233
126 234
126 235
126 236
126 237
126 238
126 239
126 240
126 241
126 242
126 243
126 244
126 245
126 246
126 247
126 248
126 249
126 250
63 1
63 2
63 3
63 4
63 5
63 6
63 7
63 8
63 9
63 10
63 11
63 12
63 13
63 14
63 15
63 16
63 17
63 18
63 19
63 20
63 21
63 22
63 23
63 24
63 25
63 26
63 27
63 28
63 29
63 30
63 31
63 32
63 33
63 34
63 35
63 36
63 37
63 38
63 39
63 40
63 41
63 42
63 43
63 44
63 45
63 46
63 47
63 48
63 49
63 50
63 51
63 52
63 53
63 54
63 55
63 56
63 57
63 58
63 59
63 60
63 61
63 62
63 64
63 65
63 66
63 67
63 68
63 69
63 70
63 71
63 72
63 73
63 74
63 75
63 76
63 77
63 78
63 79
63 80
63 81
63 82
63 83
63 84
63 85
63 86
63 87
63 88
63 89
63 90
63 91
63 92
63 93
63 94
63 95
63 96
63 97
63 98
63 99
63 100
63 101
63 102
63 103
63 104
63 105
63 106
63 107
63 108
63 109
63 110
63 111
63 112
63 113
63 114
63 115
63 116
63 117
63 118
63 119
63 120
63 121
63 122
63 123
63 124
63 125
32 1
32 2
32 3
32 4
32 5
32 6
32 7
32 8
32 9
32 10
32 11
32 12
32 13
32 14
32 15
32 16
32 17
32 18
32 19
32 20
32 21
32 22
32 23
32 24
32 25
32 26
32 27
32 28
32 29
32 30
32 31
32 33
32 34
32 35
32 36
32 37
32 38
32 39
32 40
32 41
32 42
32 43
32 44
32 45
32 46
32 47
32 48
32 49
32 50
32 51
32 52
32 53
32 54
32 55
32 56
32 57
32 58
32 59
32 60
32 61
32 62
16 1
16 2
16 3
16 4
16 5
16 6
16 7
16 8
16 9
16 10
16 11
16 12
16 13
16 14
16 15
16 17
16 18
16 19
16 20
16 21
16 22
16 23
16 24
16 25
16 26
16 27
16 28
16 29
16 30
16 31
8 1
8 2
8 3
8 4
8 5
8 6
8 7
8 9
8 10
8 11
8 12
8 13
8 14
8 15
4 1
4 2
4 3
4 5
4 6
4 7
2 1
2 3
6 5
6 7
12 9
12 10
12 11
12 13
12 14
12 15
10 9
10 11
14 13
14 15
24 17
24 18
24 19
24 20
24 21
24 22
24 23
24 25
24 26
24 27
24 28
24 29
24 30
24 31
20 17
20 18
20 19
20 21
20 22
20 23
18 17
18 19
22 21
22 23
28 25
28 26
28 27
28 29
28 30
28 31
26 25
26 27
30 29
30 31
48 33
48 34
48 35
48 36
48 37
48 38
48 39
48 40
48 41
48 42
48 43
48 44
48 45
48 46
48 47
48 49
48 50
48 51
48 52
48 53
48 54
48 55
48 56
48 57
48 58
48 59
48 60
48 61
48 62
40 33
40 34
40 35
40 36
40 37
40 38
40 39
40 41
40 42
40 43
40 44
40 45
40 46
40 47
36 33
36 34
36 35
36 37
36 38
36 39
34 33
34 35
38 37
38 39
44 41
44 42
44 43
44 45
44 46
44 47
42 41
42 43
46 45
46 47
56 49
56 50
56 51
56 52
56 53
56 54
56 55
56 57
56 58
56 59
56 60
56 61
56 62
52 49
52 50
52 51
52 53
52 54
52 55
50 49
50 51
54 53
54 55
60 57
60 58
60 59
60 61
60 62
58 57
58 59
62 61
95 64
95 65
95 66
95 67
95 68
95 69
95 70
95 71
95 72
95 73
95 74
95 75
95 76
95 77
95 78
95 79
95 80
95 81
95 82
95 83
95 84
95 85
95 86
95 87
95 88
95 89
95 90
95 91
95 92
95 93
95 94
95 96
95 97
95 98
95 99
95 100
95 101
95 102
95 103
95 104
95 105
95 106
95 107
95 108
95 109
95 110
95 111
95 112
95 113
95 114
95 115
95 116
95 117
95 118
95 119
95 120
95 121
95 122
95 123
95 124
95 125
79 64
79 65
79 66
79 67
79 68
79 69
79 70
79 71
79 72
79 73
79 74
79 75
79 76
79 77
79 78
79 80
79 81
79 82
79 83
79 84
79 85
79 86
79 87
79 88
79 89
79 90
79 91
79 92
79 93
79 94
71 64
71 65
71 66
71 67
71 68
71 69
71 70
71 72
71 73
71 74
71 75
71 76
71 77
71 78
67 64
67 65
67 66
67 68
67 69
67 70
65 64
65 66
69 68
69 70
75 72
75 73
75 74
75 76
75 77
75 78
73 72
73 74
77 76
77 78
87 80
87 81
87 82
87 83
87 84
87 85
87 86
87 88
87 89
87 90
87 91
87 92
87 93
87 94
83 80
83 81
83 82
83 84
83 85
83 86
81 80
81 82
85 84
85 86
91 88
91 89
91 90
91 92
91 93
91 94
89 88
89 90
93 92
93 94
111 96
111 97
111 98
111 99
111 100
111 101
111 102
111 103
111 104
111 105
111 106
111 107
111 108
111 109
111 110
111 112
111 113
111 114
111 115
111 116
111 117
111 118
111 119
111 120
111 121
111 122
111 123
111 124
111 125
103 96
103 97
103 98
103 99
103 100
103 101
103 102
103 104
103 105
103 106
103 107
103 108
103 109
103 110
99 96
99 97
99 98
99 100
99 101
99 102
97 96
97 98
101 100
101 102
107 104
107 105
107 106
107 108
107 109
107 110
105 104
105 106
109 108
109 110
119 112
119 113
119 114
119 115
119 116
119 117
119 118
119 120
119 121
119 122
119 123
119 124
119 125
115 112
115 113
115 114
115 116
115 117
115 118
113 112
113 114
117 116
117 118
123 120
123 121
123 122
123 124
123 125
121 120
121 122
125 124
189 127
189 128
189 129
189 130
189 131
189 132
189 133
189 134
189 135
189 136
189 137
189 138
189 139
189 140
189 141
189 142
189 143
189 144
189 145
189 146
189 147
189 148
189 149
189 150
189 151
189 152
189 153
189 154
189 155
189 156
189 157
189 158
189 159
189 160
189 161
189 162
189 163
189 164
189 165
189 166
189 167
189 168
189 169
189 170
189 171
189 172
189 173
189 174
189 175
189 176
189 177
189 178
189 179
189 180
189 181
189 182
189 183
189 184
189 185
189 186
189 187
189 188
189 190
189 191
189 192
189 193
189 194
189 195
189 196
189 197
189 198
189 199
189 200
189 201
189 202
189 203
189 204
189 205
189 206
189 207
189 208
189 209
189 210
189 211
189 212
189 213
189 214
189 215
189 216
189 217
189 218
189 219
189 220
189 221
189 222
189 223
189 224
189 225
189 226
189 227
189 228
189 229
189 230
189 231
189 232
189 233
189 234
189 235
189 236
189 237
189 238
189 239
189 240
189 241
189 242
189 243
189 244
189 245
189 246
189 247
189 248
189 249
189 250
158 127
158 128
158 129
158 130
158 131
158 132
158 133
158 134
158 135
158 136
158 137
158 138
158 139
158 140
158 141
158 142
158 143
158 144
158 145
158 146
158 147
158 148
158 149
158 150
158 151
158 152
158 153
158 154
158 155
158 156
158 157
158 159
158 160
158 161
158 162
158 163
158 164
158 165
158 166
158 167
158 168
158 169
158 170
158 171
158 172
158 173
158 174
158 175
158 176
158 177
158 178
158 179
158 180
158 181
158 182
158 183
158 184
158 185
158 186
158 187
158 188
142 127
142 128
142 129
142 130
142 131
142 132
142 133
142 134
142 135
142 136
142 137
142 138
142 139
142 140
142 141
142 143
142 144
142 145
142 146
142 147
142 148
142 149
142 150
142 151
142 152
142 153
142 154
142 155
142 156
142 157
134 127
134 128
134 129
134 130
134 131
134 132
134 133
134 135
134 136
134 137
134 138
134 139
134 140
134 141
130 127
130 128
130 129
130 131
130 132
130 133
128 127
128 129
132 131
132 133
138 135
138 136
138 137
138 139
138 140
138 141
136 135
136 137
140 139
140 141
150 143
150 144
150 145
150 146
150 147
150 148
150 149
150 151
150 152
150 153
150 154
150 155
150 156
150 157
146 143
146 144
146 145
146 147
146 148
146 149
144 143
144 145
148 147
148 149
154 151
154 152
154 153
154 155
154 156
154 157
152 151
152 153
156 155
156 157
174 159
174 160
174 161
174 162
174 163
174 164
174 165
174 166
174 167
174 168
174 169
174 170
174 171
174 172
174 173
174 175
174 176
174 177
174 178
174 179
174 180
174 181
174 182
174 183
174 184
174 185
174 186
174 187
174 188
166 159
166 160
166 161
166 162
166 163
166 164
166 165
166 167
166 168
166 169
166 170
166 171
166 172
166 173
162 159
162 160
162 161
162 163
162 164
162 165
160 159
160 161
164 163
164 165
170 167
170 168
170 169
170 171
170 172
170 173
168 167
168 169
172 171
172 173
182 175
182 176
182 177
182 178
182 179
182 180
182 181
182 183
182 184
182 185
182 186
182 187
182 188
178 175
178 176
178 177
178 179
178 180
178 181
176 175
176 177
180 179
180 181
186 183
186 184
186 185
186 187
186 188
184 183
184 185
188 187
220 190
220 191
220 192
220 193
220 194
220 195
220 196
220 197
220 198
220 199
220 200
220 201
220 202
220 203
220 204
220 205
220 206
220 207
220 208
220 209
220 210
220 211
220 212
220 213
220 214
220 215
220 216
220 217
220 218
220 219
220 221
220 222
220 223
220 224
220 225
220 226
220 227
220 228
220 229
220 230
220 231
220 232
220 233
220 234
220 235
220 236
220 237
220 238
220 239
220 240
220 241
220 242
220 243
220 244
220 245
220 246
220 247
220 248
220 249
220 250
205 190
205 191
205 192
205 193
205 194
205 195
205 196
205 197
205 198
205 199
205 200
205 201
205 202
205 203
205 204
205 206
205 207
205 208
205 209
205 210
205 211
205 212
205 213
205 214
205 215
205 216
205 217
205 218
205 219
197 190
197 191
197 192
197 193
197 194
197 195
197 196
197 198
197 199
197 200
197 201
197 202
197 203
197 204
193 190
193 191
193 192
193 194
193 195
193 196
191 190
191 192
195 194
195 196
201 198
201 199
201 200
201 202
201 203
201 204
199 198
199 200
203 202
203 204
213 206
213 207
213 208
213 209
213 210
213 211
213 212
213 214
213 215
213 216
213 217
213 218
213 219
209 206
209 207
209 208
209 210
209 211
209 212
207 206
207 208
211 210
211 212
217 214
217 215
217 216
217 218
217 219
215 214
215 216
219 218
236 221
236 222
236 223
236 224
236 225
236 226
236 227
236 228
236 229
236 230
236 231
236 232
236 233
236 234
236 235
236 237
236 238
236 239
236 240
236 241
236 242
236 243
236 244
236 245
236 246
236 247
236 248
236 249
236 250
228 221
228 222
228 223
228 224
228 225
228 226
228 227
228 229
228 230
228 231
228 232
228 233
228 234
228 235
224 221
224 222
224 223
224 225
224 226
224 227
222 221
222 223
226 225
226 227
232 229
232 230
232 231
232 233
232 234
232 235
230 229
230 231
234 233
234 235
244 237
244 238
244 239
244 240
244 241
244 242
244 243
244 245
244 246
244 247
244 248
244 249
244 250
240 237
240 238
240 239
240 241
240 242
240 243
238 237
238 239
242 241
242 243
248 245
248 246
248 247
248 249
248 250
246 245
246 247
250 249
376 252
376 253
376 254
376 255
376 256
376 257
376 258
376 259
376 260
376 261
376 262
376 263
376 264
376 265
376 266
376 267
376 268
376 269
376 270
376 271
376 272
376 273
376 274
376 275
376 276
376 277
376 278
376 279
376 280
376 281
376 282
376 283
376 284
376 285
376 286
376 287
376 288
376 289
376 290
376 291
376 292
376 293
376 294
376 295
376 296
376 297
376 298
376 299
376 300
376 301
376 302
376 303
376 304
376 305
376 306
376 307
376 308
376 309
376 310
376 311
376 312
376 313
376 314
376 315
376 316
376 317
376 318
376 319
376 320
376 321
376 322
376 323
376 324
376 325
376 326
376 327
376 328
376 329
376 330
376 331
376 332
376 333
376 334
376 335
376 336
376 337
376 338
376 339
376 340
376 341
376 342
376 343
376 344
376 345
376 346
376 347
376 348
376 349
376 350
376 351
376 352
376 353
376 354
376 355
376 356
376 357
376 358
376 359
376 360
376 361
376 362
376 363
376 364
376 365
376 366
376 367
376 368
376 369
376 370
376 371
376 372
376 373
376 374
376 375
376 377
376 378
376 379
376 380
376 381
376 382
376 383
376 384
376 385
376 386
376 387
376 388
376 389
376 390
376 391
376 392
376 393
376 394
376 395
376 396
376 397
376 398
376 399
376 400
376 401
376 402
376 403
376 404
376 405
376 406
376 407
376 408
376 409
376 410
376 411
376 412
376 413
376 414
376 415
376 416
376 417
376 418
376 419
376 420
376 421
376 422
376 423
376 424
376 425
376 426
376 427
376 428
376 429
376 430
376 431
376 432
376 433
376 434
376 435
376 436
376 437
376 438
376 439
376 440
376 441
376 442
376 443
376 444
376 445
376 446
376 447
376 448
376 449
376 450
376 451
376 452
376 453
376 454
376 455
376 456
376 457
376 458
376 459
376 460
376 461
376 462
376 463
376 464
376 465
376 466
376 467
376 468
376 469
376 470
376 471
376 472
376 473
376 474
376 475
376 476
376 477
376 478
376 479
376 480
376 481
376 482
376 483
376 484
376 485
376 486
376 487
376 488
376 489
376 490
376 491
376 492
376 493
376 494
376 495
376 496
376 497
376 498
376 499
376 500
314 252
314 253
314 254
314 255
314 256
314 257
314 258
314 259
314 260
314 261
314 262
314 263
314 264
314 265
314 266
314 267
314 268
314 269
314 270
314 271
314 272
314 273
314 274
314 275
314 276
314 277
314 278
314 279
314 280
314 281
314 282
314 283
314 284
314 285
314 286
314 287
314 288
314 289
314 290
314 291
314 292
314 293
314 294
314 295
314 296
314 297
314 298
314 299
314 300
314 301
314 302
314 303
314 304
314 305
314 306
314 307
314 308
314 309
314 310
314 311
314 312
314 313
314 315
314 316
314 317
314 318
314 319
314 320
314 321
314 322
314 323
314 324
314 325
314 326
314 327
314 328
314 329
314 330
314 331
314 332
314 333
314 334
314 335
314 336
314 337
314 338
314 339
314 340
314 341
314 342
314 343
314 344
314 345
314 346
314 347
314 348
314 349
314 350
314 351
314 352
314 353
314 354
314 355
314 356
314 357
314 358
314 359
314 360
314 361
314 362
314 363
314 364
314 365
314 366
314 367
314 368
314 369
314 370
314 371
314 372
314 373
314 374
314 375
283 252
283 253
283 254
283 255
283 256
283 257
283 258
283 259
283 260
283 261
283 262
283 263
283 264
283 265
283 266
283 267
283 268
283 269
283 270
283 271
283 272
283 273
283 274
283 275
283 276
283 277
283 278
283 279
283 280
283 281
283 282
283 284
283 285
283 286
283 287
283 288
283 289
283 290
283 291
283 292
283 293
283 294
283 295
283 296
283 297
283 298
283 299
283 300
283 301
283 302
283 303
283 304
283 305
283 306
283 307
283 308
283 309
283 310
283 311
283 312
283 313
267 252
267 253
267 254
267 255
267 256
267 257
267 258
267 259
267 260
267 261
267 262
267 263
267 264
267 265
267 266
267 268
267 269
267 270
267 271
267 272
267 273
267 274
267 275
267 276
267 277
267 278
267 279
267 280
267 281
267 282
259 252
259 253
259 254
259 255
259 256
259 257
259 258
259 260
259 261
259 262
259 263
259 264
259 265
259 266
255 252
255 253
255 254
255 256
255 257
255 258
253 252
253 254
257 256
257 258
263 260
263 261
263 262
263 264
263 265
263 266
261 260
261 262
265 264
265 266
275 268
275 269
275 270
275 271
275 272
275 273
275 274
275 276
275 277
275 278
275 279
275 280
275 281
275 282
271 268
271 269
271 270
271 272
271 273
271 274
269 268
269 270
273 272
273 274
279 276
279 277
279 278
279 280
279 281
279 282
277 276
277 278
281 280
281 282
299 284
299 285
299 286
299 287
299 288
299 289
299 290
299 291
299 292
299 293
299 294
299 295
299 296
299 297
299 298
299 300
299 301
299 302
299 303
299 304
299 305
299 306
299 307
299 308
299 309
299 310
299 311
299 312
299 313
291 284
291 285
291 286
291 287
291 288
291 289
291 290
291 292
291 293
291 294
291 295
291 296
291 297
291 298
287 284
287 285
287 286
287 288
287 289
287 290
285 284
285 286
289 288
289 290
295 292
295 293
295 294
295 296
295 297
295 298
293 292
293 294
297 296
297 298
307 300
307 301
307 302
307 303
307 304
307 305
307 306
307 308
307 309
307 310
307 311
307 312
307 313
303 300
303 301
303 302
303 304
303 305
303 306
301 300
301 302
305 304
305 306
311 308
311 309
311 310
311 312
311 313
309 308
309 310
313 312
345 315
345 316
345 317
345 318
345 319
345 320
345 321
345 322
345 323
345 324
345 325
345 326
345 327
345 328
345 329
345 330
345 331
345 332
345 333
345 334
345 335
345 336
345 337
345 338
345 339
345 340
345 341
345 342
345 343
345 344
345 346
345 347
345 348
345 349
345 350
345 351
345 352
345 353
345 354
345 355
345 356
345 357
345 358
345 359
345 360
345 361
345 362
345 363
345 364
345 365
345 366
345 367
345 368
345 369
345 370
345 371
345 372
345 373
345 374
345 375
330 315
330 316
330 317
330 318
330 319
330 320
330 321
330 322
330 323
330 324
330 325
330 326
330 327
330 328
330 329
330 331
330 332
330 333
330 334
330 335
330 336
330 337
330 338
330 339
330 340
330 341
330 342
330 343
330 344
322 315
322 316
322 317
322 318
322 319
322 320
322 321
322 323
322 324
322 325
322 326
322 327
322 328
322 329
318 315
318 316
318 317
318 319
318 320
318 321
316 315
316 317
320 319
320 321
326 323
326 324
326 325
326 327
326 328
326 329
324 323
324 325
328 327
328 329
338 331
338 332
338 333
338 334
338 335
338 336
338 337
338 339
338 340
338 341
338 342
338 343
338 344
334 331
334 332
334 333
334 335
334 336
334 337
332 331
332 333
336 335
336 337
342 339
342 340
342 341
342 343
342 344
340 339
340 341
344 343
361 346
361 347
361 348
361 349
361 350
361 351
361 352
361 353
361 354
361 355
361 356
361 357
361 358
361 359
361 360
361 362
361 363
361 364
361 365
361 366
361 367
361 368
361 369
361 370
361 371
361 372
361 373
361 374
361 375
353 346
353 347
353 348
353 349
353 350
353 351
353 352
353 354
353 355
353 356
353 357
353 358
353 359
353 360
349 346
349 347
349 348
349 350
349 351
349 352
347 346
347 348
351 350
351 352
357 354
357 355
357 356
357 358
357 359
357 360
355 354
355 356
359 358
359 360
369 362
369 363
369 364
369 365
369 366
369 367
369 368
369 370
369 371
369 372
369 373
369 374
369 375
365 362
365 363
365 364
365 366
365 367
365 368
363 362
363 364
367 366
367 368
373 370
373 371
373 372
373 374
373 375
371 370
371 372
375 374
439 377
439 378
439 379
439 380
439 381
439 382
439 383
439 384
439 385
439 386
439 387
439 388
439 389
439 390
439 391
439 392
439 393
439 394
439 395
439 396
439 397
439 398
439 399
439 400
439 401
439 402
439 403
439 404
439 405
439 406
439 407
439 408
439 409
439 410
439 411
439 412
439 413
439 414
439 415
439 416
439 417
439 418
439 419
439 420
439 421
439 422
439 423
439 424
439 425
439 426
439 427
439 428
439 429
439 430
439 431
439 432
439 433
439 434
439 435
439 436
439 437
439 438
439 440
439 441
439 442
439 443
439 444
439 445
439 446
439 447
439 448
439 449
439 450
439 451
439 452
439 453
439 454
439 455
439 456
439 457
439 458
439 459
439 460
439 461
439 462
439 463
439 464
439 465
439 466
439 467
439 468
439 469
439 470
439 471
439 472
439 473
439 474
439 475
439 476
439 477
439 478
439 479
439 480
439 481
439 482
439 483
439 484
439 485
439 486
439 487
439 488
439 489
439 490
439 491
439 492
439 493
439 494
439 495
439 496
439 497
439 498
439 499
439 500
408 377
408 378
408 379
408 380
408 381
408 382
408 383
408 384
408 385
408 386
408 387
408 388
408 389
408 390
408 391
408 392
408 393
408 394
408 395
408 396
408 397
408 398
408 399
408 400
408 401
408 402
408 403
408 404
408 405
408 406
408 407
408 409
408 410
408 411
408 412
408 413
408 414
408 415
408 416
408 417
408 418
408 419
408 420
408 421
408 422
408 423
408 424
408 425
408 426
408 427
408 428
408 429
408 430
408 431
408 432
408 433
408 434
408 435
408 436
408 437
408 438
392 377
392 378
392 379
392 380
392 381
392 382
392 383
392 384
392 385
392 386
392 387
392 388
392 389
392 390
392 391
392 393
392 394
392 395
392 396
392 397
392 398
392 399
392 400
392 401
392 402
392 403
392 404
392 405
392 406
392 407
384 377
384 378
384 379
384 380
384 381
384 382
384 383
384 385
384 386
384 387
384 388
384 389
384 390
384 391
380 377
380 378
380 379
380 381
380 382
380 383
378 377
378 379
382 381
382 383
388 385
388 386
388 387
388 389
388 390
388 391
386 385
386 387
390 389
390 391
400 393
400 394
400 395
400 396
400 397
400 398
400 399
400 401
400 402
400 403
400 404
400 405
400 406
400 407
396 393
396 394
396 395
396 397
396 398
396 399
394 393
394 395
398 397
398 399
404 401
404 402
404 403
404 405
404 406
404 407
402 401
402 403
406 405
406 407
424 409
424 410
424 411
424 412
424 413
424 414
424 415
424 416
424 417
424 418
424 419
424 420
424 421
424 422
424 423
424 425
424 426
424 427
424 428
424 429
424 430
424 431
424 432
424 433
424 434
424 435
424 436
424 437
424 438
416 409
416 410
416 411
416 412
416 413
416 414
416 415
416 417
416 418
416 419
416 420
416 421
416 422
416 423
412 409
412 410
412 411
412 413
412 414
412 415
410 409
410 411
414 413
414 415
420 417
420 418
420 419
420 421
420 422
420 423
418 417
418 419
422 421
422 423
432 425
432 426
432 427
432 428
432 429
432 430
432 431
432 433
432 434
432 435
432 436
432 437
432 438
428 425
428 426
428 427
428 429
428 430
428 431
426 425
426 427
430 429
430 431
436 433
436 434
436 435
436 437
436 438
434 433
434 435
438 437
470 440
470 441
470 442
470 443
470 444
470 445
470 446
470 447
470 448
470 449
470 450
470 451
470 452
470 453
470 454
470 455
470 456
470 457
470 458
470 459
470 460
470 461
470 462
470 463
470 464
470 465
470 466
470 467
470 468
470 469
470 471
470 472
470 473
470 474
470 475
470 476
470 477
470 478
470 479
470 480
470 481
470 482
470 483
470 484
470 485
470 486
470 487
470 488
470 489
470 490
470 491
470 492
470 493
470 494
470 495
470 496
470 497
470 498
470 499
470 500
455 440
455 441
455 442
455 443
455 444
455 445
455 446
455 447
455 448
455 449
455 450
455 451
455 452
455 453
455 454
455 456
455 457
455 458
455 459
455 460
455 461
455 462
455 463
455 464
455 465
455 466
455 467
455 468
455 469
447 440
447 441
447 442
447 443
447 444
447 445
447 446
447 448
447 449
447 450
447 451
447 452
447 453
447 454
443 440
443 441
443 442
443 444
443 445
443 446
441 440
441 442
445 444
445 446
451 448
451 449
451 450
451 452
451 453
451 454
449 448
449 450
453 452
453 454
463 456
463 457
463 458
463 459
463 460
463 461
463 462
463 464
463 465
463 466
463 467
463 468
463 469
459 456
459 457
459 458
459 460
459 461
459 462
457 456
457 458
461 460
461 462
467 464
467 465
467 466
467 468
467 469
465 464
465 466
469 468
486 471
486 472
486 473
486 474
486 475
486 476
486 477
486 478
486 479
486 480
486 481
486 482
486 483
486 484
486 485
486 487
486 488
486 489
486 490
486 491
486 492
486 493
486 494
486 495
486 496
486 497
486 498
486 499
486 500
478 471
478 472
478 473
478 474
478 475
478 476
478 477
478 479
478 480
478 481
478 482
478 483
478 484
478 485
474 471
474 472
474 473
474 475
474 476
474 477
472 471
472 473
476 475
476 477
482 479
482 480
482 481
482 483
482 484
482 485
480 479
480 481
484 483
484 485
494 487
494 488
494 489
494 490
494 491
494 492
494 493
494 495
494 496
494 497
494 498
494 499
494 500
490 487
490 488
490 489
490 491
490 492
490 493
488 487
488 489
492 491
492 493
498 495
498 496
498 497
498 499
498 500
496 495
496 497
500 499
751 502
751 503
751 504
751 505
751 506
751 507
751 508
751 509
751 510
751 511
751 512
751 513
751 514
751 515
751 516
751 517
751 518
751 519
751 520
751 521
751 522
751 523
751 524
751 525
751 526
751 527
751 528
751 529
751 530
751 531
751 532
751 533
751 534
751 535
751 536
751 537
751 538
751 539
751 540
751 541
751 542
751 543
751 544
751 545
751 546
751 547
751 548
751 549
751 550
751 551
751 552
751 553
751 554
751 555
751 556
751 557
751 558
751 559
751 560
751 561
751 562
751 563
751 564
751 565
751 566
751 567
751 568
751 569
751 570
751 571
751 572
751 573
751 574
751 575
751 576
751 577
751 578
751 579
751 580
751 581
751 582
751 583
751 584
751 585
751 586
751 587
751 588
751 589
751 590
751 591
751 592
751 593
751 594
751 595
751 596
751 597
751 598
751 599
751 600
751 601
751 602
751 603
751 604
751 605
751 606
751 607
751 608
751 609
751 610
751 611
751 612
751 613
751 614
751 615
751 616
751 617
751 618
751 619
751 620
751 621
751 622
751 623
751 624
751 625
751 626
751 627
751 628
751 629
751 630
751 631
751 632
751 633
751 634
751 635
751 636
751 637
751 638
751 639
751 640
751 641
751 642
751 643
751 644
751 645
751 646
751 647
751 648
751 649
751 650
751 651
751 652
751 653
751 654
751 655
751 656
751 657
751 658
751 659
751 660
751 661
751 662
751 663
751 664
751 665
751 666
751 667
751 668
751 669
751 670
751 671
751 672
751 673
751 674
751 675
751 676
751 677
751 678
751 679
751 680
751 681
751 682
751 683
751 684
751 685
751 686
751 687
751 688
751 689
751 690
751 691
751 692
751 693
751 694
751 695
751 696
751 697
751 698
751 699
751 700
751 701
751 702
751 703
751 704
751 705
751 706
751 707
751 708
751 709
751 710
751 711
751 712
751 713
751 714
751 715
751 716
751 717
751 718
751 719
751 720
751 721
751 722
751 723
751 724
751 725
751 726
751 727
751 728
751 729
751 730
751 731
751 732
751 733
751 734
751 735
751 736
751 737
751 738
751 739
751 740
751 741
751 742
751 743
751 744
751 745
751 746
751 747
751 748
751 749
751 750
751 752
751 753
751 754
751 755
751 756
751 757
751 758
751 759
751 760
751 761
751 762
751 763
751 764
751 765
751 766
751 767
751 768
751 769
751 770
751 771
751 772
751 773
751 774
751 775
751 776
751 777
751 778
751 779
751 780
751 781
751 782
751 783
751 784
751 785
751 786
751 787
751 788
751 789
751 790
751 791
751 792
751 793
751 794
751 795
751 796
751 797
751 798
751 799
751 800
751 801
751 802
751 803
751 804
751 805
751 806
751 807
751 808
751 809
751 810
751 811
751 812
751 813
751 814
751 815
751 816
751 817
751 818
751 819
751 820
751 821
751 822
751 823
751 824
751 825
751 826
751 827
751 828
751 829
751 830
751 831
751 832
751 833
751 834
751 835
751 836
751 837
751 838
751 839
751 840
751 841
751 842
751 843
751 844
751 845
751 846
751 847
751 848
751 849
751 850
751 851
751 852
751 853
751 854
751 855
751 856
751 857
751 858
751 859
751 860
751 861
751 862
751 863
751 864
751 865
751 866
751 867
751 868
751 869
751 870
751 871
751 872
751 873
751 874
751 875
751 876
751 877
751 878
751 879
751 880
751 881
751 882
751 883
751 884
751 885
751 886
751 887
751 888
751 889
751 890
751 891
751 892
751 893
751 894
751 895
751 896
751 897
751 898
751 899
751 900
751 901
751 902
751 903
751 904
751 905
751 906
751 907
751 908
751 909
751 910
751 911
751 912
751 913
751 914
751 915
751 916
751 917
751 918
751 919
751 920
751 921
751 922
751 923
751 924
751 925
751 926
751 927
751 928
751 929
751 930
751 931
751 932
751 933
751 934
751 935
751 936
751 937
751 938
751 939
751 940
751 941
751 942
751 943
751 944
751 945
751 946
751 947
751 948
751 949
751 950
751 951
751 952
751 953
751 954
751 955
751 956
751 957
751 958
751 959
751 960
751 961
751 962
751 963
751 964
751 965
751 966
751 967
751 968
751 969
751 970
751 971
751 972
751 973
751 974
751 975
751 976
751 977
751 978
751 979
751 980
751 981
751 982
751 983
751 984
751 985
751 986
751 987
751 988
751 989
751 990
751 991
751 992
751 993
751 994
751 995
751 996
751 997
751 998
751 999
751 1000
626 502
626 503
626 504
626 505
626 506
626 507
626 508
626 509
626 510
626 511
626 512
626 513
626 514
626 515
626 516
626 517
626 518
626 519
626 520
626 521
626 522
626 523
626 524
626 525
626 526
626 527
626 528
626 529
626 530
626 531
626 532
626 533
626 534
626 535
626 536
626 537
626 538
626 539
626 540
626 541
626 542
626 543
626 544
626 545
626 546
626 547
626 548
626 549
626 550
626 551
626 552
626 553
626 554
626 555
626 556
626 557
626 558
626 559
626 560
626 561
626 562
626 563
626 564
626 565
626 566
626 567
626 568
626 569
626 570
626 571
626 572
626 573
626 574
626 575
626 576
626 577
626 578
626 579
626 580
626 581
626 582
626 583
626 584
626 585
626 586
626 587
626 588
626 589
626 590
626 591
626 592
626 593
626 594
626 595
626 596
626 597
626 598
626 599
626 600
626 601
626 602
626 603
626 604
626 605
626 606
626 607
626 608
626 609
626 610
626 611
626 612
626 613
626 614
626 615
626 616
626 617
626 618
626 619
626 620
626 621
626 622
626 623
626 624
626 625
626 627
626 628
626 629
626 630
626 631
626 632
626 633
626 634
626 635
626 636
626 637
626 638
626 639
626 640
626 641
626 642
626 643
626 644
626 645
626 646
626 647
626 648
626 649
626 650
626 651
626 652
626 653
626 654
626 655
626 656
626 657
626 658
626 659
626 660
626 661
626 662
626 663
626 664
626 665
626 666
626 667
626 668
626 669
626 670
626 671
626 672
626 673
626 674
626 675
626 676
626 677
626 678
626 679
626 680
626 681
626 682
626 683
626 684
626 685
626 686
626 687
626 688
626 689
626 690
626 691
626 692
626 693
626 694
626 695
626 696
626 697
626 698
626 699
626 700
626 701
626 702
626 703
626 704
626 705
626 706
626 707
626 708
626 709
626 710
626 711
626 712
626 713
626 714
626 715
626 716
626 717
626 718
626 719
626 720
626 721
626 722
626 723
626 724
626 725
626 726
626 727
626 728
626 729
626 730
626 731
626 732
626 733
626 734
626 735
626 736
626 737
626 738
626 739
626 740
626 741
626 742
626 743
626 744
626 745
626 746
626 747
626 748
626 749
626 750
564 502
564 503
564 504
564 505
564 506
564 507
564 508
564 509
564 510
564 511
564 512
564 513
564 514
564 515
564 516
564 517
564 518
564 519
564 520
564 521
564 522
564 523
564 524
564 525
564 526
564 527
564 528
564 529
564 530
564 531
564 532
564 533
564 534
564 535
564 536
564 537
564 538
564 539
564 540
564 541
564 542
564 543
564 544
564 545
564 546
564 547
564 548
564 549
564 550
564 551
564 552
564 553
564 554
564 555
564 556
564 557
564 558
564 559
564 560
564 561
564 562
564 563
564 565
564 566
564 567
564 568
564 569
564 570
564 571
564 572
564 573
564 574
564 575
564 576
564 577
564 578
564 579
564 580
564 581
564 582
564 583
564 584
564 585
564 586
564 587
564 588
564 589
564 590
564 591
564 592
564 593
564 594
564 595
564 596
564 597
564 598
564 599
564 600
564 601
564 602
564 603
564 604
564 605
564 606
564 607
564 608
564 609
564 610
564 611
564 612
564 613
564 614
564 615
564 616
564 617
564 618
564 619
564 620
564 621
564 622
564 623
564 624
564 625
533 502
533 503
533 504
533 505
533 506
533 507
533 508
533 509
533 510
533 511
533 512
533 513
533 514
533 515
533 516
533 517
533 518
533 519
533 520
533 521
533 522
533 523
533 524
533 525
533 526
533 527
533 528
533 529
533 530
533 531
533 532
533 534
533 535
533 536
533 537
533 538
533 539
533 540
533 541
533 542
533 543
533 544
533 545
533 546
533 547
533 548
533 549
533 550
533 551
533 552
533 553
533 554
533 555
533 556
533 557
533 558
533 559
533 560
533 561
533 562
533 563
517 502
517 503
517 504
517 505
517 506
517 507
517 508
517 509
517 510
517 511
517 512
517 513
517 514
517 515
517 516
517 518
517 519
517 520
517 521
517 522
517 523
517 524
517 525
517 526
517 527
517 528
517 529
517 530
517 531
517 532
509 502
509 503
509 504
509 505
509 506
509 507
509 508
509 510
509 511
509 512
509 513
509 514
509 515
509 516
505 502
505 503
505 504
505 506
505 507
505 508
503 502
503 504
507 506
507 508
513 510
513 511
513 512
513 514
513 515
513 516
511 510
511 512
515 514
515 516
525 518
525 519
525 520
525 521
525 522
525 523
525 524
525 526
525 527
525 528
525 529
525 530
525 531
525 532
521 518
521 519
521 520
521 522
521 523
521 524
519 518
519 520
523 522
523 524
529 526
529 527
529 528
529 530
529 531
529 532
527 526
527 528
531 530
531 532
549 534
549 535
549 536
549 537
549 538
549 539
549 540
549 541
549 542
549 543
549 544
549 545
549 546
549 547
549 548
549 550
549 551
549 552
549 553
549 554
549 555
549 556
549 557
549 558
549 559
549 560
549 561
549 562
549 563
541 534
541 535
541 536
541 537
541 538
541 539
541 540
541 542
541 543
541 544
541 545
541 546
541 547
541 548
537 534
537 535
537 536
537 538
537 539
537 540
535 534
535 536
539 538
539 540
545 542
545 543
545 544
545 546
545 547
545 548
543 542
543 544
547 546
547 548
557 550
557 551
557 552
557 553
557 554
557 555
557 556
557 558
557 559
557 560
557 561
557 562
557 563
553 550
553 551
553 552
553 554
553 555
553 556
551 550
551 552
555 554
555 556
561 558
561 559
561 560
561 562
561 563
559 558
559 560
563 562
595 565
595 566
595 567
595 568
595 569
595 570
595 571
595 572
595 573
595 574
595 575
595 576
595 577
595 578
595 579
595 580
595 581
595 582
595 583
595 584
595 585
595 586
595 587
595 588
595 589
595 590
595 591
595 592
595 593
595 594
595 596
595 597
595 598
595 599
595 600
595 601
595 602
595 603
595 604
595 605
595 606
595 607
595 608
595 609
595 610
595 611
595 612
595 613
595 614
595 615
595 616
595 617
595 618
595 619
595 620
595 621
595 622
595 623
595 624
595 625
580 565
580 566
580 567
580 568
580 569
580 570
580 571
580 572
580 573
580 574
580 575
580 576
580 577
580 578
580 579
580 581
580 582
580 583
580 584
580 585
580 586
580 587
580 588
580 589
580 590
580 591
580 592
580 593
580 594
572 565
572 566
572 567
572 568
572 569
572 570
572 571
572 573
572 574
572 575
572 576
572 577
572 578
572 579
568 565
568 566
568 567
568 569
568 570
568 571
566 565
566 567
570 569
570 571
576 573
576 574
576 575
576 577
576 578
576 579
574 573
574 575
578 577
578 579
588 581
588 582
588 583
588 584
588 585
588 586
588 587
588 589
588 590
588 591
588 592
588 593
588 594
584 581
584 582
584 583
584 585
584 586
584 587
582 581
582 583
586 585
586 587
592 589
592 590
592 591
592 593
592 594
590 589
590 591
594 593
611 596
611 597
611 598
611 599
611 600
611 601
611 602
611 603
611 604
611 605
611 606
611 607
611 608
611 609
611 610
611 612
611 613
611 614
611 615
611 616
611 617
611 618
611 619
611 620
611 621
611 622
611 623
611 624
611 625
603 596
603 597
603 598
603 599
603 600
603 601
603 602
603 604
603 605
603 606
603 607
603 608
603 609
603 610
599 596
599 597
599 598
599 600
599 601
599 602
597 596
597 598
601 600
601 602
607 604
607 605
607 606
607 608
607 609
607 610
605 604
605 606
609 608
609 610
619 612
619 613
619 614
619 615
619 616
619 617
619 618
619 620
619 621
619 622
619 623
619 624
619 625
615 612
615 613
615 614
615 616
615 617
615 618
613 612
613 614
617 616
617 618
623 620
623 621
623 622
623 624
623 625
621 620
621 622
625 624
689 627
689 628
689 629
689 630
689 631
689 632
689 633
689 634
689 635
689 636
689 637
689 638
689 639
689 640
689 641
689 642
689 643
689 644
689 645
689 646
689 647
689 648
689 649
689 650
689 651
689 652
689 653
689 654
689 655
689 656
689 657
689 658
689 659
689 660
689 661
689 662
689 663
689 664
689 665
689 666
689 667
689 668
689 669
689 670
689 671
689 672
689 673
689 674
689 675
689 676
689 677
689 678
689 679
689 680
689 681
689 682
689 683
689 684
689 685
689 686
689 687
689 688
689 690
689 691
689 692
689 693
689 694
689 695
689 696
689 697
689 698
689 699
689 700
689 701
689 702
689 703
689 704
689 705
689 706
689 707
689 708
689 709
689 710
689 711
689 712
689 713
689 714
689 715
689 716
689 717
689 718
689 719
689 720
689 721
689 722
689 723
689 724
689 725
689 726
689 727
689 728
689 729
689 730
689 731
689 732
689 733
689 734
689 735
689 736
689 737
689 738
689 739
689 740
689 741
689 742
689 743
689 744
689 745
689 746
689 747
689 748
689 749
689 750
658 627
658 628
658 629
658 630
658 631
658 632
658 633
658 634
658 635
658 636
658 637
658 638
658 639
658 640
658 641
658 642
658 643
658 644
658 645
658 646
658 647
658 648
658 649
658 650
658 651
658 652
658 653
658 654
658 655
658 656
658 657
658 659
658 660
658 661
658 662
658 663
658 664
658 665
658 666
658 667
658 668
658 669
658 670
658 671
658 672
658 673
658 674
658 675
658 676
658 677
658 678
658 679
658 680
658 681
658 682
658 683
658 684
658 685
658 686
658 687
658 688
642 627
642 628
642 629
642 630
642 631
642 632
642 633
642 634
642 635
642 636
642 637
642 638
642 639
642 640
642 641
642 643
642 644
642 645
642 646
642 647
642 648
642 649
642 650
642 651
642 652
642 653
642 654
642 655
642 656
642 657
634 627
634 628
634 629
634 630
634 631
634 632
634 633
634 635
634 636
634 637
634 638
634 639
634 640
634 641
630 627
630 628
630 629
630 631
630 632
630 633
628 627
628 629
632 631
632 633
638 635
638 636
638 637
638 639
638 640
638 641
636 635
636 637
640 639
640 641
650 643
650 644
650 645
650 646
650 647
650 648
650 649
650 651
650 652
650 653
650 654
650 655
650 656
650 657
646 643
646 644
646 645
646 647
646 648
646 649
644 643
644 645
648 647
648 649
654 651
654 652
654 653
654 655
654 656
654 657
652 651
652 653
656 655
656 657
674 659
674 660
674 661
674 662
674 663
674 664
674 665
674 666
674 667
674 668
674 669
674 670
674 671
674 672
674 673
674 675
674 676
674 677
674 678
674 679
674 680
674 681
674 682
674 683
674 684
674 685
674 686
674 687
674 688
666 659
666 660
666 661
666 662
666 663
666 664
666 665
666 667
666 668
666 669
666 670
666 671
666 672
666 673
662 659
662 660
662 661
662 663
662 664
662 665
660 659
660 661
664 663
664 665
670 667
670 668
670 669
670 671
670 672
670 673
668 667
668 669
672 671
672 673
682 675
682 676
682 677
682 678
682 679
682 680
682 681
682 683
682 684
682 685
682 686
682 687
682 688
678 675
678 676
678 677
678 679
678 680
678 681
676 675
676 677
680 679
680 681
686 683
686 684
686 685
686 687
686 688
684 683
684 685
688 687
720 690
720 691
720 692
720 693
720 694
720 695
720 696
720 697
720 698
720 699
720 700
720 701
720 702
720 703
720 704
720 705
720 706
720 707
720 708
720 709
720 710
720 711
720 712
720 713
720 714
720 715
720 716
720 717
720 718
720 719
720 721
720 722
720 723
720 724
720 725
720 726
720 727
720 728
720 729
720 730
720 731
720 732
720 733
720 734
720 735
720 736
720 737
720 738
720 739
720 740
720 741
720 742
720 743
720 744
720 745
720 746
720 747
720 748
720 749
720 750
705 690
705 691
705 692
705 693
705 694
705 695
705 696
705 697
705 698
705 699
705 700
705 701
705 702
705 703
705 704
705 706
705 707
705 708
705 709
705 710
705 711
705 712
705 713
705 714
705 715
705 716
705 717
705 718
705 719
697 690
697 691
697 692
697 693
697 694
697 695
697 696
697 698
697 699
697 700
697 701
697 702
697 703
697 704
693 690
693 691
693 692
693 694
693 695
693 696
691 690
691 692
695 694
695 696
701 698
701 699
701 700
701 702
701 703
701 704
699 698
699 700
703 702
703 704
713 706
713 707
713 708
713 709
713 710
713 711
713 712
713 714
713 715
713 716
713 717
713 718
713 719
709 706
709 707
709 708
709 710
709 711
709 712
707 706
707 708
711 710
711 712
717 714
717 715
717 716
717 718
717 719
715 714
715 716
719 718
736 721
736 722
736 723
736 724
736 725
736 726
736 727
736 728
736 729
736 730
736 731
736 732
736 733
736 734
736 735
736 737
736 738
736 739
736 740
736 741
736 742
736 743
736 744
736 745
736 746
736 747
736 748
736 749
736 750
728 721
728 722
728 723
728 724
728 725
728 726
728 727
728 729
728 730
728 731
728 732
728 733
728 734
728 735
724 721
724 722
724 723
724 725
724 726
724 727
722 721
722 723
726 725
726 727
732 729
732 730
732 731
732 733
732 734
732 735
730 729
730 731
734 733
734 735
744 737
744 738
744 739
744 740
744 741
744 742
744 743
744 745
744 746
744 747
744 748
744 749
744 750
740 737
740 738
740 739
740 741
740 742
740 743
738 737
738 739
742 741
742 743
748 745
748 746
748 747
748 749
748 750
746 745
746 747
750 749
876 752
876 753
876 754
876 755
876 756
876 757
876 758
876 759
876 760
876 761
876 762
876 763
876 764
876 765
876 766
876 767
876 768
876 769
876 770
876 771
876 772
876 773
876 774
876 775
876 776
876 777
876 778
876 779
876 780
876 781
876 782
876 783
876 784
876 785
876 786
876 787
876 788
876 789
876 790
876 791
876 792
876 793
876 794
876 795
876 796
876 797
876 798
876 799
876 800
876 801
876 802
876 803
876 804
876 805
876 806
876 807
876 808
876 809
876 810
876 811
876 812
876 813
876 814
876 815
876 816
876 817
876 818
876 819
876 820
876 821
876 822
876 823
876 824
876 825
876 826
876 827
876 828
876 829
876 830
876 831
876 832
876 833
876 834
876 835
876 836
876 837
876 838
876 839
876 840
876 841
876 842
876 843
876 844
876 845
876 846
876 847
876 848
876 849
876 850
876 851
876 852
876 853
876 854
876 855
876 856
876 857
876 858
876 859
876 860
876 861
876 862
876 863
876 864
876 865
876 866
876 867
876 868
876 869
876 870
876 871
876 872
876 873
876 874
876 875
876 877
876 878
876 879
876 880
876 881
876 882
876 883
876 884
876 885
876 886
876 887
876 888
876 889
876 890
876 891
876 892
876 893
876 894
876 895
876 896
876 897
876 898
876 899
876 900
876 901
876 902
876 903
876 904
876 905
876 906
876 907
876 908
876 909
876 910
876 911
876 912
876 913
876 914
876 915
876 916
876 917
876 918
876 919
876 920
876 921
876 922
876 923
876 924
876 925
876 926
876 927
876 928
876 929
876 930
876 931
876 932
876 933
876 934
876 935
876 936
876 937
876 938
876 939
876 940
876 941
876 942
876 943
876 944
876 945
876 946
876 947
876 948
876 949
876 950
876 951
876 952
876 953
876 954
876 955
876 956
876 957
876 958
876 959
876 960
876 961
876 962
876 963
876 964
876 965
876 966
876 967
876 968
876 969
876 970
876 971
876 972
876 973
876 974
876 975
876 976
876 977
876 978
876 979
876 980
876 981
876 982
876 983
876 984
876 985
876 986
876 987
876 988
876 989
876 990
876 991
876 992
876 993
876 994
876 995
876 996
876 997
876 998
876 999
876 1000
814 752
814 753
814 754
814 755
814 756
814 757
814 758
814 759
814 760
814 761
814 762
814 763
814 764
814 765
814 766
814 767
814 768
814 769
814 770
814 771
814 772
814 773
814 774
814 775
814 776
814 777
814 778
814 779
814 780
814 781
814 782
814 783
814 784
814 785
814 786
814 787
814 788
814 789
814 790
814 791
814 792
814 793
814 794
814 795
814 796
814 797
814 798
814 799
814 800
814 801
814 802
814 803
814 804
814 805
814 806
814 807
814 808
814 809
814 810
814 811
814 812
814 813
814 815
814 816
814 817
814 818
814 819
814 820
814 821
814 822
814 823
814 824
814 825
814 826
814 827
814 828
814 829
814 830
814 831
814 832
814 833
814 834
814 835
814 836
814 837
814 838
814 839
814 840
814 841
814 842
814 843
814 844
814 845
814 846
814 847
814 848
814 849
814 850
814 851
814 852
814 853
814 854
814 855
814 856
814 857
814 858
814 859
814 860
814 861
814 862
814 863
814 864
814 865
814 866
814 867
814 868
814 869
814 870
814 871
814 872
814 873
814 874
814 875
783 752
783 753
783 754
783 755
783 756
783 757
783 758
783 759
783 760
783 761
783 762
783 763
783 764
783 765
783 766
783 767
783 768
783 769
783 770
783 771
783 772
783 773
783 774
783 775
783 776
783 777
783 778
783 779
783 780
783 781
783 782
783 784
783 785
783 786
783 787
783 788
783 789
783 790
783 791
783 792
783 793
783 794
783 795
783 796
783 797
783 798
783 799
783 800
783 801
783 802
783 803
783 804
783 805
783 806
783 807
783 808
783 809
783 810
783 811
783 812
783 813
767 752
767 753
767 754
767 755
767 756
767 757
767 758
767 759
767 760
767 761
767 762
767 763
767 764
767 765
767 766
767 768
767 769
767 770
767 771
767 772
767 773
767 774
767 775
767 776
767 777
767 778
767 779
767 780
767 781
767 782
759 752
759 753
759 754
759 755
759 756
759 757
759 758
759 760
759 761
759 762
759 763
759 764
759 765
759 766
755 752
755 753
755 754
755 756
755 757
755 758
753 752
753 754
757 756
757 758
763 760
763 761
763 762
763 764
763 765
763 766
761 760
761 762
765 764
765 766
775 768
775 769
775 770
775 771
775 772
775 773
775 774
775 776
775 777
775 778
775 779
775 780
775 781
775 782
771 768
771 769
771 770
771 772
771 773
771 774
769 768
769 770
773 772
773 774
779 776
779 777
779 778
779 780
779 781
779 782
777 776
777 778
781 780
781 782
799 784
799 785
799 786
799 787
799 788
799 789
799 790
799 791
799 792
799 793
799 794
799 795
799 796
799 797
799 798
799 800
799 801
799 802
799 803
799 804
799 805
799 806
799 807
799 808
799 809
799 810
799 811
799 812
799 813
791 784
791 785
791 786
791 787
791 788
791 789
791 790
791 792
791 793
791 794
791 795
791 796
791 797
791 798
787 784
787 785
787 786
787 788
787 789
787 790
785 784
785 786
789 788
789 790
795 792
795 793
795 794
795 796
795 797
795 798
793 792
793 794
797 796
797 798
807 800
807 801
807 802
807 803
807 804
807 805
807 806
807 808
807 809
807 810
807 811
807 812
807 813
803 800
803 801
803 802
803 804
803 805
803 806
801 800
801 802
805 804
805 806
811 808
811 809
811 810
811 812
811 813
809 808
809 810
813 812
845 815
845 816
845 817
845 818
845 819
845 820
845 821
845 822
845 823
845 824
845 825
845 826
845 827
845 828
845 829
845 830
845 831
845 832
845 833
845 834
845 835
845 836
845 837
845 838
845 839
845 840
845 841
845 842
845 843
845 844
845 846
845 847
845 848
845 849
845 850
845 851
845 852
845 853
845 854
845 855
845 856
845 857
845 858
845 859
845 860
845 861
845 862
845 863
845 864
845 865
845 866
845 867
845 868
845 869
845 870
845 871
845 872
845 873
845 874
845 875
830 815
830 816
830 817
830 818
830 819
830 820
830 821
830 822
830 823
830 824
830 825
830 826
830 827
830 828
830 829
830 831
830 832
830 833
830 834
830 835
830 836
830 837
830 838
830 839
830 840
830 841
830 842
830 843
830 844
822 815
822 816
822 817
822 818
822 819
822 820
822 821
822 823
822 824
822 825
822 826
822 827
822 828
822 829
818 815
818 816
818 817
818 819
818 820
818 821
816 815
816 817
820 819
820 821
826 823
826 824
826 825
826 827
826 828
826 829
824 823
824 825
828 827
828 829
838 831
838 832
838 833
838 834
838 835
838 836
838 837
838 839
838 840
838 841
838 842
838 843
838 844
834 831
834 832
834 833
834 835
834 836
834 837
832 831
832 833
836 835
836 837
842 839
842 840
842 841
842 843
842 844
840 839
840 841
844 843
861 846
861 847
861 848
861 849
861 850
861 851
861 852
861 853
861 854
861 855
861 856
861 857
861 858
861 859
861 860
861 862
861 863
861 864
861 865
861 866
861 867
861 868
861 869
861 870
861 871
861 872
861 873
861 874
861 875
853 846
853 847
853 848
853 849
853 850
853 851
853 852
853 854
853 855
853 856
853 857
853 858
853 859
853 860
849 846
849 847
849 848
849 850
849 851
849 852
847 846
847 848
851 850
851 852
857 854
857 855
857 856
857 858
857 859
857 860
855 854
855 856
859 858
859 860
869 862
869 863
869 864
869 865
869 866
869 867
869 868
869 870
869 871
869 872
869 873
869 874
869 875
865 862
865 863
865 864
865 866
865 867
865 868
863 862
863 864
867 866
867 868
873 870
873 871
873 872
873 874
873 875
871 870
871 872
875 874
939 877
939 878
939 879
939 880
939 881
939 882
939 883
939 884
939 885
939 886
939 887
939 888
939 889
939 890
939 891
939 892
939 893
939 894
939 895
939 896
939 897
939 898
939 899
939 900
939 901
939 902
939 903
939 904
939 905
939 906
939 907
939 908
939 909
939 910
939 911
939 912
939 913
939 914
939 915
939 916
939 917
939 918
939 919
939 920
939 921
939 922
939 923
939 924
939 925
939 926
939 927
939 928
939 929
939 930
939 931
939 932
939 933
939 934
939 935
939 936
939 937
939 938
939 940
939 941
939 942
939 943
939 944
939 945
939 946
939 947
939 948
939 949
939 950
939 951
939 952
939 953
939 954
939 955
939 956
939 957
939 958
939 959
939 960
939 961
939 962
939 963
939 964
939 965
939 966
939 967
939 968
939 969
939 970
939 971
939 972
939 973
939 974
939 975
939 976
939 977
939 978
939 979
939 980
939 981
939 982
939 983
939 984
939 985
939 986
939 987
939 988
939 989
939 990
939 991
939 992
939 993
939 994
939 995
939 996
939 997
939 998
939 999
939 1000
908 877
908 878
908 879
908 880
908 881
908 882
908 883
908 884
908 885
908 886
908 887
908 888
908 889
908 890
908 891
908 892
908 893
908 894
908 895
908 896
908 897
908 898
908 899
908 900
908 901
908 902
908 903
908 904
908 905
908 906
908 907
908 909
908 910
908 911
908 912
908 913
908 914
908 915
908 916
908 917
908 918
908 919
908 920
908 921
908 922
908 923
908 924
908 925
908 926
908 927
908 928
908 929
908 930
908 931
908 932
908 933
908 934
908 935
908 936
908 937
908 938
892 877
892 878
892 879
892 880
892 881
892 882
892 883
892 884
892 885
892 886
892 887
892 888
892 889
892 890
892 891
892 893
892 894
892 895
892 896
892 897
892 898
892 899
892 900
892 901
892 902
892 903
892 904
892 905
892 906
892 907
884 877
884 878
884 879
884 880
884 881
884 882
884 883
884 885
884 886
884 887
884 888
884 889
884 890
884 891
880 877
880 878
880 879
880 881
880 882
880 883
878 877
878 879
882 881
882 883
888 885
888 886
888 887
888 889
888 890
888 891
886 885
886 887
890 889
890 891
900 893
900 894
900 895
900 896
900 897
900 898
900 899
900 901
900 902
900 903
900 904
900 905
900 906
900 907
896 893
896 894
896 895
896 897
896 898
896 899
894 893
894 895
898 897
898 899
904 901
904 902
904 903
904 905
904 906
904 907
902 901
902 903
906 905
906 907
924 909
924 910
924 911
924 912
924 913
924 914
924 915
924 916
924 917
924 918
924 919
924 920
924 921
924 922
924 923
924 925
924 926
924 927
924 928
924 929
924 930
924 931
924 932
924 933
924 934
924 935
924 936
924 937
924 938
916 909
916 910
916 911
916 912
916 913
916 914
916 915
916 917
916 918
916 919
916 920
916 921
916 922
916 923
912 909
912 910
912 911
912 913
912 914
912 915
910 909
910 911
914 913
914 915
920 917
920 918
920 919
920 921
920 922
920 923
918 917
918 919
922 921
922 923
932 925
932 926
932 927
932 928
932 929
932 930
932 931
932 933
932 934
932 935
932 936
932 937
932 938
928 925
928 926
928 927
928 929
928 930
928 931
926 925
926 927
930 929
930 931
936 933
936 934
936 935
936 937
936 938
934 933
934 935
938 937
970 940
970 941
970 942
970 943
970 944
970 945
970 946
970 947
970 948
970 949
970 950
970 951
970 952
970 953
970 954
970 955
970 956
970 957
970 958
970 959
970 960
970 961
970 962
970 963
970 964
970 965
970 966
970 967
970 968
970 969
970 971
970 972
970 973
970 974
970 975
970 976
970 977
970 978
970 979
970 980
970 981
970 982
970 983
970 984
970 985
970 986
970 987
970 988
970 989
970 990
970 991
970 992
970 993
970 994
970 995
970 996
970 997
970 998
970 999
970 1000
955 940
955 941
955 942
955 943
955 944
955 945
955 946
955 947
955 948
955 949
955 950
955 951
955 952
955 953
955 954
955 956
955 957
955 958
955 959
955 960
955 961
955 962
955 963
955 964
955 965
955 966
955 967
955 968
955 969
947 940
947 941
947 942
947 943
947 944
947 945
947 946
947 948
947 949
947 950
947 951
947 952
947 953
947 954
943 940
943 941
943 942
943 944
943 945
943 946
941 940
941 942
945 944
945 946
951 948
951 949
951 950
951 952
951 953
951 954
949 948
949 950
953 952
953 954
963 956
963 957
963 958
963 959
963 960
963 961
963 962
963 964
963 965
963 966
963 967
963 968
963 969
959 956
959 957
959 958
959 960
959 961
959 962
957 956
957 958
961 960
961 962
967 964
967 965
967 966
967 968
967 969
965 964
965 966
969 968
986 971
986 972
986 973
986 974
986 975
986 976
986 977
986 978
986 979
986 980
986 981
986 982
986 983
986 984
986 985
986 987
986 988
986 989
986 990
986 991
986 992
986 993
986 994
986 995
986 996
986 997
986 998
986 999
986 1000
978 971
978 972
978 973
978 974
978 975
978 976
978 977
978 979
978 980
978 981
978 982
978 983
978 984
978 985
974 971
974 972
974 973
974 975
974 976
974 977
972 971
972 973
976 975
976 977
982 979
982 980
982 981
982 983
982 984
982 985
980 979
980 981
984 983
984 985
994 987
994 988
994 989
994 990
994 991
994 992
994 993
994 995
994 996
994 997
994 998
994 999
994 1000
990 987
990 988
990 989
990 991
990 992
990 993
988 987
988 989
992 991
992 993
998 995
998 996
998 997
998 999
998 1000
996 995
996 997
1000 999
